61648.27081095417
63473.18460426163
63500.123268579795
63121.17480160795
62803.06046241263
63472.18640656369
63118.23269939623
60229.052203082894
63157.10462888208
61625.24305658346
60886.356624409
62409.07760528957
63115.093494530585
63431.324642731735
60614.03638873114
61239.29913437426
61698.06015824795
61266.26481078297
61649.299677667674
61682.12323005081
59874.125265187824
60549.27563924232
60200.242655161725
60911.24188362495
63121.18858801555
62388.160665926094
62382.20776521507
62356.24492700312
60236.04499209229
62762.100388416846
63473.18419415757
62717.20689288647
60944.15612880353
61627.283615280394
60578.118126515474
61679.18133008131
60994.0566825473
62030.21976840347
60605.06535023022
61625.24264262872
61263.320672859845
61655.19980174658
59903.10199997092
60935.25258782295
62800.0800729761
62416.166573774586
60556.21779531027
62767.154520780176
63154.15341083913
61698.05974616224
61683.18194438538
63157.10504395572
62434.04447582957
60968.132510105024
60549.27522689556
63091.30781778316
61354.04508681922
63485.180530353806
61621.35119562343
61679.17967140796
61683.149500916086
59898.0817232552
63159.10902814753
60994.056267604254
60910.29627093404
62386.21479092729
62707.338434091056
62716.29385735152
59875.15526692857
61287.25050142483
61297.18220619303
61266.265639130994
62027.12547730627
59871.09441429079
62352.24275865537
62056.05341084954
62353.33348089987
60196.125821580266
63118.23395083002
60553.15989643224
59871.056146100746
60207.22629167547
62309.39302024347
62031.223412393396
61726.061658904735
63475.210524086266
63186.05153180066
60911.246933345945
61591.37350225615
62735.201516843175
62421.16166779717
62388.16107730572
63131.12856698816
61297.23794136714
62775.10741179398
