62739.28776177932
62352.3012862498
62380.221078492636
62436.05283721326
62028.09490995244
62804.039957609755
60943.19122846249
60945.134855892415
63155.131234167035
62390.11511421837
60877.3424662344
63447.30361792161
60196.28911639191
61321.10425147187
62030.159179059294
61262.238767205185
61321.092330059444
59898.047808817835
62356.297064129765
63485.21134281583
63471.24616048969
61262.30239729032
61680.103311152474
61678.08477464265
62681.39014412288
62804.06267027918
61706.0585630301
61317.07857263993
60996.07650428901
62412.08442104371
62796.06031828817
63159.07502816492
60933.09900852787
61678.1841322128
61650.24498134115
62471.06879232596
62032.20805552896
60234.0946672098
60204.125563445814
62471.0679688939
63131.17243898954
62332.32589275094
62032.20888171122
62115.07994683582
62096.05676992539
63131.086529911394
60610.125951480084
60556.26368596933
59878.06169220536
62034.18157363389
61267.2835244828
61975.31799282141
63503.10228327663
61654.23068684788
62434.05887956212
63101.18854147576
60554.21479905287
60234.09425480071
61323.19349449239
62766.14197356382
61321.09191618823
61238.40613715517
59907.06901049268
59877.132978443995
61678.27235715952
62034.19594860404
60996.0752618612
61650.24580911584
61269.31919189213
60222.12999512812
61321.10507902762
61622.32397069835
60584.115504114554
61710.05125441984
62034.18115806966
60905.3149198403
60580.17207030766
59874.248796444524
