62384.21418808283
59881.09629615837
63476.191509735334
63476.17693374154
62384.22872209926
62716.26000787048
60591.11553960242
60591.101079464825
61698.02303028489
63143.02876262003
62716.274571893584
60912.25992483588
61321.101920411
61698.03750737686
62743.20375864769
63447.30513437212
63171.030047945314
63143.01425731423
59881.08144197933
62743.2191458366
63171.04460388471
60912.24530032545
61321.116591072045
62030.151827424495
62030.16646838924
63447.29045002087
63500.12478108964
62051.092784308916
63500.139251899556
63500.139694499194
60194.17868377013
62051.078310056444
60194.19340372119
60555.16362631288
62027.12298984707
61269.35504353337
63118.23657488302
60251.06652208549
62412.19399352872
63500.15427656126
60251.081035529925
61269.34132117479
63118.25124893265
60555.14870358713
62027.137503104525
61269.32666062969
61269.369527908915
63458.28962878933
63470.151205393435
63470.16611760255
63458.27509670927
62412.20872119033
62084.029721255596
62084.07314689741
62084.044125419714
62084.05857995286
60991.040520443945
62743.17765301019
60991.05582927759
62390.201100019316
62743.192244493206
62390.18658972121
61269.369116788046
59871.17267431558
59871.18714827356
59881.05674546457
59881.071549933724
60199.223366650396
61649.307090196766
61649.29185348671
60199.20877136664
60199.19907565172
61649.25373187428
59876.04155188272
63115.15334965886
60199.1844226758
63115.117668965126
59876.02707824927
62800.043204855065
61649.238886717176
63115.16806140258
60932.12244557562
60932.136938418385
61269.35463224953
62800.02867319297
63115.13211036336
