62331.39380781739
60932.188403068605
59874.12335772399
60202.29228909862
60554.30123790974
60249.11828839639
63431.34923134349
61377.06443554488
62361.31385954193
60534.28612016466
63070.34093265603
63144.080058848165
62352.301654479445
59874.20839042352
62330.359057839014
62774.09690563349
61678.224142200226
63452.307453905094
62065.15939628426
61298.20884846696
63123.21106168964
60251.06116025174
62033.2919819782
63118.22790819309
59902.054048694044
62388.21219823329
63062.3642776507
61287.15721787514
60935.1490938832
62772.1380970335
61700.02421892261
60604.05648266733
62796.0485954526
62743.207840057534
61313.104118446696
60604.05689534883
60203.241663995715
59877.13454308318
61677.11178113153
60554.29037127305
63482.22551941118
63121.20659733429
61622.369044345105
62743.215219534235
60932.19833046287
61313.10370615899
63122.20027252158
63452.29265628745
62057.141825498446
62743.2074273271
62419.13479528134
62352.302067971454
62010.272478091196
62391.19515089836
63429.363548414716
60580.188239681804
61974.34064588339
63149.07118839758
60964.10871570735
62388.213025802164
60961.050919356676
60584.212365678075
59896.06598465189
61298.20967480195
62033.29157157338
60908.252559629225
63429.363962632095
62065.16064141051
62683.39235812758
62774.09277463984
61377.06484853673
61286.22098292262
59877.13495733391
62712.273499172836
