63118.168121002716
60937.12272589614
60647.0802697575
60202.21163714163
61654.23797949017
60932.09993985873
62389.196787707566
60907.25007027156
62351.2860586071
59870.137364036724
60940.1825362598
59870.09675304263
61651.21639709078
62764.10454016058
60548.229789978315
62679.39023322114
63475.21579530683
60558.22701588771
62716.305383381405
62804.043222576904
63431.319733991055
62411.10904961487
60556.28121305908
60589.13140556925
61265.27141660284
62331.367582938015
62067.09169146028
63157.04728258194
61286.22909729289
63476.1555768197
61260.282172035535
61266.28145704517
62380.20103495789
60199.19569484957
62681.391067779354
60227.13546920623
60221.15264727955
61981.26809362257
60589.163400130645
61649.23344051153
61297.186895180115
60964.12954127963
62085.04898958955
59906.08966307935
63126.12679168381
61263.2495511245
62033.137398231316
62679.39147593057
63472.18617897684
63430.300090598
60248.03235504239
62380.203942065375
59879.19659777539
61324.049498762906
62709.30589677146
60967.14894446026
63506.13253237839
62681.39148093617
62716.305797101595
59871.150382488275
62029.21952797695
60889.277115793986
61297.18772242687
60589.16381245224
59873.19446397927
61975.30847272959
61297.10051656857
61651.27970909327
63455.254659941005
63094.29641863323
63182.05888511376
62742.25202618595
63118.16978212067
62739.185781241475
61625.27946486845
62087.08321468639
61698.071016067144
63503.10543975689
60996.06656896443
63430.29926356581
62795.05833406228
62764.10247704841
59875.15054635327
59870.095925193855
63092.28053607848
62031.253313101544
62353.30511129854
62389.186693300646
63452.26423220844
59870.13695053931
63182.060950046965
