62353.29841195253
60912.38177707815
62743.14786991062
60164.201241642986
62799.050644643925
62794.07941042767
63471.39094042163
59876.10568080743
60164.18893068721
62330.35349673913
62352.2772700522
63117.12725391459
62743.10884306171
60613.21819384196
60906.24241060346
63473.38754029683
60809.39898102688
62051.01642302674
61728.0457696318
62012.37898270495
62740.39100307367
61650.389712298806
63454.2381088888
62369.38870048993
60881.285367686556
62369.393702483874
60165.16240391197
61725.05476521127
60938.19441063709
62717.301604898086
60975.24177023591
60589.08086626235
60445.40244151916
60579.13744612666
61625.24395878361
62738.38747478818
60180.3852313687
61263.24144065066
60548.39471218059
61276.4055110944
60908.38973903375
59870.08575261473
61678.11426179191
60808.40910049858
61277.389620999245
63118.379255724016
61262.2954956698
61680.18315327243
62717.29995106531
63146.02623935585
61680.181495660465
62738.38665184422
63118.37843206786
59871.05502462687
63503.108687944485
62032.26378601984
62355.303780349415
62418.087351620736
63121.20946561843
62741.38608218041
62382.377386803615
63117.3817870257
59904.16777567702
60193.37824878152
61289.13299319487
61650.38930309649
62353.30091450985
63122.27156597121
59876.22054023467
61289.12148780069
59876.261117533664
63158.05667995359
63471.3913494963
59874.186121680395
62739.3787321583
61546.399863037565
62352.278096369795
63100.246171345134
60199.23522658684
63377.39882954418
61979.27552394697
60497.28922472484
62388.09949757051
61655.376077128625
63117.3821955008
