60999.06633614748
59879.073456940336
62770.22465392986
62412.15216895935
62087.05957633172
61710.08939108116
63152.108753552224
59871.16079403606
62419.144766553996
60232.1584350563
63153.079533743905
62092.09089095246
61654.17882051297
61654.18807060691
60610.123880610845
60554.218848570636
61645.23639518511
62412.090027216116
63096.27431327009
61677.15215311238
62029.1280078427
60612.083430364146
62776.1879454404
63121.2014131277
62833.05023730898
62796.049738989466
62738.2580773354
60550.217915393376
59895.07200272512
61316.17672348526
62027.18736245572
63450.30734564401
60558.297333820585
63099.248426862905
63121.210596403835
62031.20762066546
63475.27712143705
62385.20636442999
61297.21296464519
59903.07503716345
59874.07365614156
63485.14637341652
62033.16852490767
62087.05916400247
62385.20677687475
61645.23888032603
61677.089505635784
61677.245309105165
60196.190319641784
61300.1907608869
62412.154240620875
63121.20431037727
60967.10401620514
63186.06703058207
62736.27378290164
61266.30562922532
60943.15014564673
63125.22182847776
60911.30637262467
60912.25422701692
60934.16042969676
60612.09703883264
62419.12372901559
62712.30663152323
62027.18819169446
62385.22010000729
59869.071366843105
63485.14886200643
60554.219262753504
62363.275912793266
63125.23667719519
60208.136325342144
61268.282841433
63123.14617936624
62092.090478661135
62421.1721693507
62412.09167931493
60204.17758733475
59870.13325605262
60993.067642691334
