63099.27104760974
60251.06880529756
63472.25768368864
62030.25178607982
62385.194485141656
63143.046342442554
60224.078813187385
60204.155416554546
60911.28360985548
61001.0966386658
63067.340353873566
62834.066140142255
60934.17835989022
60591.16861210173
62030.097180441386
63124.20824142635
59896.03570768976
60903.24780075193
62711.26911853248
62087.064307077584
63070.35964282531
62412.15264027844
62763.10490006191
60931.12837117641
62762.13849593851
62056.048790119785
60204.15500248228
60223.135709163995
60558.27855998706
62690.40023788177
62736.21350195287
60973.09866006408
61684.1139309965
60200.20627266931
62361.30787580427
61000.07606828836
61976.340063305775
63117.1899317882
59874.160808319
62387.13121274353
61312.03798000466
62353.302371323116
62775.12324865153
61649.23883307558
61374.06423520862
63099.27063258351
60960.08650111532
59905.06678793441
63475.24609718802
61710.0532238279
62361.31118795233
59871.064075365684
59881.14466402107
63061.36208547296
62091.089092648224
63154.04372230711
61683.15932520108
61303.12484424787
60559.21098439124
62690.4006522581
62379.211219763674
61329.078570455895
60934.19571519707
63143.04593205426
63131.1313576709
62791.02231208808
61672.10405812439
62033.18623310803
62087.067630518766
60907.31678792443
60199.18739250845
61617.31445682465
63449.27461977602
63067.34118312582
62010.21826149504
61674.10178056238
63503.1038587144
60886.31172524859
61286.219583450234
61710.05382395524
