59875.16740157389
62087.061175760144
62733.19192036842
62716.32098832326
60560.221405695185
60975.05366584317
61354.05139067841
59877.070268284675
60248.07456499798
62791.0243383587
63061.39863424369
62056.10812205308
62352.30570823759
61317.09816319236
62387.230396918276
60201.15857677898
62775.10068529001
60556.26787026722
59897.056325092555
62776.15376834596
63187.05148288339
62763.13388388241
62010.24437289158
59896.06498470746
60932.224913746475
62772.12191160911
63459.28280964542
62828.07389859404
60962.08905263197
62065.06040250885
61624.2762280314
63121.20681620438
60199.24174270394
63070.33535918866
62417.10456351583
63500.12030492886
60212.147570844674
62091.12311080131
61683.11231934701
60201.248292017626
62028.09579899799
62391.23486136287
61626.2469353147
62795.04704011225
59881.061518650786
61265.28066211347
60556.269930872164
63100.243384644236
61677.11958076538
62742.19805709663
62707.23846402686
61655.21468636208
63448.32330592383
62417.09846384227
62082.06955574186
60549.26351101262
61683.11273335941
62356.30315578856
60886.236689440884
60973.036290569864
59874.17108730137
61287.12816703671
62056.108535861094
60908.27773061209
60604.09850045093
60938.24296219077
63123.21483985814
60961.057857602194
61672.17180159483
62082.069971031444
59874.10166143079
61323.12671286848
60886.23627860104
62716.32430360264
60912.18549287953
60938.15952192415
62434.03774974614
61298.1231660918
60612.09360723628
61680.16763834399
62708.26961812426
62708.3331177455
60548.22174714251
63456.29858397773
63156.13035350228
59897.063814233006
