61674.08829261474
63477.152971242234
61234.39716012844
63183.08245593139
61352.02927389153
61245.33957858162
62716.20675940543
60877.337392020854
60550.19014071854
59874.05241155326
63447.307260113615
61668.10603583275
61359.034887791786
62767.25560227381
62384.17783175215
62384.241039376146
62683.355241254845
62027.12507991729
62094.03929585565
63158.08264511715
63418.33015096983
60936.24447681518
62804.066225920855
60579.14120741899
60908.27258196118
59895.049594965014
63189.05571694427
61710.075235926175
60958.08426021594
60225.08293246662
60549.26399415639
62032.13101578779
62010.22027729573
63121.20394714628
62029.2042702791
61316.050393859725
62801.04831465831
61286.214595016936
63096.19683168494
59876.104757028435
60934.18106828939
61677.120934320854
59875.11204480525
62792.02717627157
63472.2125759631
60532.283162272106
59912.12445295612
62390.20503569612
61710.097427153036
63485.20846478557
61624.271986206215
60611.12787092625
61316.049983597004
60932.15891591876
62059.1605512621
62010.22069060428
62418.09505874051
62801.05495485292
60877.3398794255
62082.051762552146
60967.094532201605
61700.06367929223
63158.074676222255
62083.06534050498
63122.20730684429
63121.20518700175
63123.1006058068
62352.27490491652
62362.289509764785
61729.06114995032
62467.04617020544
60251.06631034574
62742.20774880985
61359.04730715103
62733.18675285232
59874.11472978151
61668.103573326356
63096.1972416291
62761.12718382871
62384.24477285125
63189.05613075949
60556.23906109851
60202.205934129015
63154.109933711
62712.27489305028
61976.34003470999
60251.04087583289
60199.28346419041
