60608.092220972
63506.138731315375
60580.12837049511
62832.06183975582
59876.142248505
60550.217110425496
61297.1868546249
63121.21157235398
60556.20543283637
63123.21463325903
63427.396549258396
60198.30244534579
60591.12447837442
60224.10639219035
62762.17181369632
60934.22613662157
61976.33038069732
63472.25599117732
62009.18663580684
61323.13430132693
60996.045464981486
59879.05503105562
61297.20092017999
63118.20199365643
62085.0543973222
59898.060976432345
59877.10897635929
59904.06641449638
63217.07549003129
61259.237866075426
61974.2739331719
62774.16456138434
62803.062568780275
62804.04589216374
62029.20618286099
62096.065730007576
61261.248846865725
63185.059491663116
62766.151135665
60203.273800940275
62741.308162603855
62037.131742510406
62034.20115396124
60550.216282963316
61323.13512912411
63121.20990122882
62051.10793593849
60974.06940795241
60554.303087892134
60964.064306008644
63122.228727708905
60616.10350512449
63211.0779141773
63096.346863553226
60502.4021660155
60203.27338777284
60609.05418788121
63185.07098063059
63153.112790138184
63426.36373626996
62029.20494329347
62027.19134151603
62037.13423618891
61705.06239529784
62774.16497529118
63472.25640695978
61975.292806762525
62741.307748521416
62032.16516278963
60940.17816407378
61698.02984405215
60936.12249205344
62776.10850908901
60249.06995485799
62804.04921193836
63122.2028913965
59898.06056264704
60558.22867456341
59912.07223741824
63504.15816019874
63118.210263862245
59879.0554463427
63487.1888579994
63185.07056715876
62743.24038012462
61683.11089925302
