60934.10239291521
62717.26646639069
61706.04789662845
59902.06308898996
59869.08643949954
59874.050111283825
61243.290343739194
60521.30901422486
63473.157204984185
63480.15113443655
61705.04419522957
63149.108174426794
62801.05677246981
63122.18070276962
62418.05100918497
61321.05254114173
63063.33940653911
63425.41416974339
63145.07230816837
60202.17613178194
63117.13195298889
63062.361425119874
61313.11018826227
62086.03890221349
60586.10346036125
60936.170730390775
62006.18299149779
63480.150724309504
60584.12938407071
62434.04153526339
62002.1955862895
62792.10801905092
61698.09291283103
60249.05784841492
59903.0644014524
62056.07591828405
61313.04324836917
60198.195094495095
63153.05433723325
61975.31848713223
60965.20294469935
60529.308976877845
60558.224787923464
61262.21377084502
63454.21079570736
62739.24679161312
63070.35347749472
59871.04656531917
61235.288156866205
63487.18918474796
63471.15435540105
61709.07439297551
61734.06353115978
60249.057435222625
60965.20335827672
63159.09966687639
61322.12093399287
60586.10552844221
60972.10788116141
63061.38713710416
62735.27820639717
61238.26513761591
61258.237626380804
62739.24886047004
63487.189597970464
60550.18602319669
61974.23993462396
60588.12350453315
60589.073227781155
63506.156374237784
61709.07521956069
62050.0485845485
61317.09672830305
60931.09825521892
61317.097159479126
61321.05212699705
63433.391482427905
59874.050941146255
62418.05059650477
59895.04050969675
59876.10899548734
61324.12510636235
60193.21808413877
61977.26961763504
63472.27831994793
59877.161419846954
62027.120961936176
