62027.119515179664
61321.13019161278
61977.32518658864
60576.186159965684
62027.119133235225
61701.06237752562
62056.075923345976
63472.1881282823
61977.3248046442
59869.1055291438
59869.10514719936
61710.08423124645
63123.19858048015
60606.059326105555
61324.091974586656
62788.056293839065
63504.09564147324
60886.323707037816
60886.32332509338
62801.05555232015
62823.04094891288
60903.21360520638
60903.21398715082
60975.02733948481
61233.325649625694
60553.25925000273
62330.36433152868
62330.36394958424
61621.24623673366
63121.21017494754
63099.188191925816
62421.05518565572
62768.13171873566
63431.35195064284
60934.13490301727
62736.19275768468
63504.10177439322
62765.17293866904
60195.13773965932
60934.1213753813
60195.137357714884
62355.3109131539
60549.194936208565
63426.30186432854
63426.3014823841
60549.194554264126
62355.32448870281
60968.10346643573
61976.35610874072
61976.35572679628
60903.21462051885
62796.1017523465
61649.24142456588
63456.30108489357
59870.1864249907
59870.18604304626
59875.17314718841
63143.07517052154
60560.228241669254
60560.22862361369
59912.06589182698
62682.37740649761
62682.37778844205
61268.2459014449
61268.24551950046
60934.12216841247
60934.12178646803
63454.28237959806
61680.07481120914
60973.05826398513
63426.303925389955
63426.304307334394
63183.05048094986
63156.1278679126
62421.05477419269
60886.323829586145
63070.341089117916
61701.061554212334
61725.05081184195
61287.158476550234
60886.324211530584
61698.092538616205
63070.34070717348
62330.36344541641
62056.08438656043
61259.216572606136
62330.36382736085
61259.2161906617
62033.19048548032
61324.11269761281
62030.1995955429
60203.22877131225
60936.19163875536
62351.24736576257
62351.24698381813
59873.245911797014
59873.24629374145
61645.240575831616
61645.240957776055
