59881.0750255434
60606.061247997175
61710.06100240175
60198.228176071636
60912.250957312775
62741.176160347175
63153.10833269272
59904.05853892515
60249.05249319939
60249.05494806224
62794.047824615525
62418.052587031605
61624.24579053807
61355.05937792019
61650.242006795204
62439.02230746755
62761.095791810585
63117.09702009345
63067.34863597092
62385.19995089864
62362.21272657175
60931.12859474204
62027.12011091379
63431.35255292755
63500.1204486635
63426.329128469384
60889.26887042984
63506.12695627228
61685.07595646881
61701.053413866444
61320.15221481096
62391.210579387705
61320.071032192696
59875.05353544348
61259.24107643718
63123.213391622136
60616.06416372012
62683.3861795094
62087.05110159616
60280.06575803417
60549.26565805389
61650.24159163486
63131.14653643803
62362.213138879444
60885.275729848836
63171.025721877435
61975.26483103597
63121.20444589393
63431.35837319156
61621.30568123166
60549.159245003124
61679.137917148655
62733.18327414933
62082.06058117696
60616.063752527174
63118.13344032983
63455.26287593848
60201.203348097144
59874.22562647856
60971.051059353085
60889.26928195786
61297.111410111116
61296.131192942645
60957.044515208574
62792.1103987756
60558.22750406347
61324.09627329219
59904.05936757549
61262.34188236097
62057.133133141186
62032.20617308198
62059.08207092721
63118.13385048144
62379.18717774554
61651.21316381051
63067.34780167801
63101.18425807834
60912.252610590316
61261.21104815182
60560.18282614645
61329.08177169504
62716.32389651215
59871.10803978775
60945.127856693456
63131.14736318698
61267.280715146015
60606.05208574886
60582.184819068105
60280.06452160059
