62034.17306906808
62742.20489485196
61982.30240639883
60592.10379082436
62387.15948613167
62735.20972331059
60556.192340368696
63144.08329743693
63471.15678036313
62804.05854520421
63121.2049406844
63485.12208276512
60199.20936568657
61617.305858216314
63124.097571231156
61259.27606003199
62766.144829841185
59904.062838800455
62417.13785467167
62788.05613480569
59874.165935878715
60201.22276536387
60554.271999088225
61649.264147395304
59897.04556815966
60965.07030419523
62058.09022834331
61355.03875172823
63472.18310260116
60529.330142997525
63504.160099280954
59878.17098736537
60911.18664544298
60932.12569609298
61682.22859593788
59879.09304683619
62067.0587655979
62747.175025644916
61259.27523491226
61728.05751746872
63425.3891264411
60965.08150308449
62356.30819337328
62029.22082888943
61682.22818318792
63118.23078406865
62707.328036053616
59897.045979343806
60592.10420360816
63092.24168106847
60611.06037482191
60932.1261073987
60586.18417504403
63482.22456884275
62030.26796863491
60200.12865673675
60548.24872300267
62085.077639721654
62712.24092815032
62712.29878109847
62788.055722018624
63118.23161255221
62417.12705364618
62391.275325348775
59876.0418161916
62360.283753709606
63448.3083342108
61677.08940831792
62031.10016342791
63142.0493153556
60971.05174427907
60935.212399425225
60559.18534655944
61677.15582147096
59871.11344063974
60998.059442619655
62739.18647765331
63187.04053011885
62355.34630756729
60910.249594147324
63122.2389088566
62409.078116558754
