61624.2579443566
62032.17788476044
61678.101493515744
59869.08567086092
62772.10702175496
59897.045603976694
62387.26622860506
62363.27423124204
63426.328148009066
62417.13713542726
59871.08270702127
61668.09720416717
61649.2540697031
60556.26546721348
62709.29613172705
59871.02228527094
60199.211753846896
63118.135289535756
61298.11953308773
59881.11343346284
63066.32772399734
62421.09594117225
62738.272818731864
63096.184361230866
61707.054937117864
60910.2517595472
62792.07773524965
63454.296456807024
62420.09519594273
61645.26097396671
61599.323230039845
61259.27567639671
60938.1503856976
62709.284302592234
59876.10972799221
63474.30287086257
62029.21714443642
62411.14700769131
60931.128585857696
60972.10613647914
61668.09761335925
62434.03404211174
62083.04112223593
63485.206150393016
60643.06106325565
61622.243724510285
63146.043042326586
62361.29887926992
60934.16211504861
62421.118162544
62064.098507941315
60530.206622101694
61976.335175060805
63071.30963205328
60592.13640278286
63454.29517961339
60576.173048770186
63149.11528370767
62027.1209209362
60592.072705210994
60222.07222706077
59912.12126563795
60207.13969722191
60558.228399084066
61622.244136002584
60958.10255455242
60207.13928349479
63121.20470314677
60958.10589621163
61706.08990976699
61678.10107823726
62803.045857485726
60934.163352700285
62421.11857673919
63485.206563758606
62832.06330646889
62059.13385289249
60972.10655091028
61317.11078933979
61976.3372443709
60553.24920079077
62352.27103559554
63155.12564757328
63471.185969042046
61263.23999230046
61244.34054729423
62064.106851579156
63062.36530690406
60201.19085884625
62776.135066649804
62772.10412109305
63102.18455174703
61003.054622891534
60958.04926405839
62764.13196921338
60222.07264020649
62050.0395246018
63480.14880394715
59871.083119276635
61677.154848675375
60547.19231157529
