61287.22959067387
62792.0152480667
61684.164550824156
62387.18871654086
60934.219861266916
62798.159336379635
60264.06056828553
60548.28112014224
62798.12383286124
60559.224738258745
61598.366222220335
62803.05546852409
61649.22674595106
59912.06853912147
62417.11128508083
63122.163338047794
61698.05251538384
61359.07248472891
62064.119561417814
60549.261334389324
62384.22097446181
62418.11430721411
62056.052425537426
60604.08254312521
62030.22668548917
62801.05411174159
60968.08267449876
59870.04988511924
63506.111196170554
59881.076147412285
62009.18479687442
62801.04609520445
62087.05793757397
59874.17001026234
62056.108157270384
63424.36514974252
63121.18993881922
63124.187755436025
62804.13658049091
61328.05051975755
60202.29359778861
63145.050259099036
63183.06968486639
62767.19065184348
61269.28450526657
61357.07982628153
60936.18779404604
62353.30300483574
63118.23075478619
63186.0591116153
62027.12314777925
62009.18686821347
63183.07009812084
62418.11471923325
61711.0558032558
62064.11997259595
63124.187343935155
59875.10532362337
62360.27913630874
60578.155733869564
61328.05010809198
62716.240570335685
62000.177784313295
61672.172412059386
61655.25217483793
60881.3404833029
61261.27525689553
59870.05071180641
60586.14136576109
60972.11478327311
60905.213536454554
61298.20371522163
59874.183417716966
62387.18912980462
61598.369535316044
62417.1096339772
60585.21235932911
62766.15679292439
62682.3946968288
60964.23233728655
62027.121908663146
59897.04881488175
62059.14796851362
62353.30259107658
63451.27204586135
60199.2249924396
61316.14048649518
63475.22058062903
60251.06595036975
61268.21860896902
