62384.3151976018
60586.109167220195
62057.13069201422
62767.24262210288
60193.22476028751
62385.198403422655
60553.244207454925
60201.22679027124
63474.160824398234
59882.10466270415
60560.16538845909
62390.20237117944
61330.10188184467
59876.127396287266
62032.19541252865
62363.275431873895
62387.21453125431
62353.30416169406
63447.31218563752
60559.19985890239
61743.06267491365
61651.203334568716
61265.27724444858
60908.261932356
61319.10735898999
63480.17868907882
60964.10547990448
61321.14424497189
62029.192304529344
60549.260120857434
62734.21336939733
62795.07757521267
59876.13666900842
60964.06505232799
63420.38903874044
63143.078646288894
63118.195610449315
59875.03387925268
62761.09820770457
60932.1434731382
62716.29747994896
62419.1190608183
63449.29649091752
60906.20921800031
60606.06945923336
62800.07208494755
62739.207424723616
61265.28309438422
60249.05796136736
62734.21510899689
60222.10685350241
63131.139695843485
61621.2926748457
63143.07832732711
60201.149634047426
61267.29162581226
60974.12241301385
63096.29012732991
62029.28043700833
62087.057724879625
61649.26028548864
61002.05366285215
62387.21423472412
59912.06158487634
63485.202255351374
62833.07145673373
61654.23247632373
62035.18252500206
60615.04417466975
62775.20099215323
61287.22928887493
60934.25026416085
62817.04861022424
61701.107189133545
