59912.069208256624
61320.11737932818
62363.2732263952
62354.2709438482
61711.03701897942
60945.13198155543
59874.175105979215
62087.06177483516
60553.242363603546
61674.103524577826
61982.30084039972
61617.313235067755
63452.24110288123
60934.212437467686
61316.046662554785
60580.17934489505
63092.2453838198
62801.042938357656
60556.22247513695
63427.36648552268
63147.08624143233
60592.08311347785
62390.129394617135
60198.231570301585
61297.17704003358
61655.21544826029
63094.29225325687
63455.304794387695
59873.236312100926
63427.3673124949
61352.07770514777
60548.25104106834
63146.076235384135
62332.358699446675
63158.04849933952
63124.09829946003
63100.271862946705
60996.05257580235
60589.1392732853
60608.08430891636
62361.29614067918
63449.30003456173
63500.12232446583
60906.27608914668
63122.240587695225
61286.21590488231
63102.26943679714
62791.020998767606
60236.102058033604
63158.050173918375
59876.06973580632
60200.19719577877
62030.211607993006
61352.09338971434
60530.27424107128
62412.044951850774
62742.206411038766
61298.2103207274
63482.223291856826
59870.11825225441
61655.21503376558
60221.07486331218
63094.291840439924
60592.08187743114
59879.061426002685
63099.17842216323
61706.073379826885
60589.13718204379
63486.15995045468
62736.215274396694
60945.13156873253
60530.27341367938
62434.051883175656
62030.1265185618
63147.08582606204
63503.10748597167
59870.11783657244
61649.26651156386
60548.2527042783
63122.240174129634
60903.218252148254
62010.282839572246
61728.054449040064
60967.05532153799
61677.259373957415
59874.10098471118
