62656.405057977834
62712.23664737049
62650.43162993273
61587.338058683206
59882.07409025933
60886.37269361637
60614.05247035515
61698.07593095555
61233.35464286587
62331.36415446123
61231.35761794933
62679.38147169951
63431.34061205986
62434.00723437151
59882.03225411147
62409.093432205475
61926.42980382494
63067.32622440342
62030.259525765265
62762.13276411153
60264.06060294001
60236.01096779337
62803.07634594835
63061.38004495915
60907.30183689432
63061.38050631675
63040.40692165206
63472.20226260896
63118.248732716595
62683.37858590443
62302.38290893438
63500.13919185444
60532.31940665311
61239.31504241298
62355.364972127274
61975.372001152624
63115.1092771754
63418.34217537584
62057.1044123584
61952.39851360961
59905.063458512675
61625.25897363644
60178.32507008272
62302.42761773609
61654.2106930387
62798.027934089354
60974.08802036954
60878.382077469134
63182.019789169266
61597.28641160438
60223.2090492907
61384.04551598281
63473.20048851375
60229.06801595061
60175.317942248665
61232.424731430765
63427.35197887098
62065.021791650244
62434.013270216245
61981.316538122504
61952.44144886047
62330.32735327298
62707.30047888652
63471.22572577637
63447.306321924
61263.336717687336
61627.29955493597
60605.081211109165
61316.15298165264
60165.289826553235
61561.411168108716
60200.25881360486
60938.15357353702
61598.33665230577
60578.134036514035
62803.10798973921
60877.38355558141
62795.00677434901
63100.238309284454
61303.101494257775
63417.382131358245
63426.403321242
63121.20470591266
60592.12734066715
62771.123089715395
62330.370709212046
63473.200077810325
62356.26082725858
62382.223745892996
61236.39287601563
62420.096636143266
62762.11621099184
60140.39507345815
61002.045009779664
60236.06086835174
62677.340263379505
62057.10847195191
63424.363433617735
62388.176505096046
60530.36597477232
62717.22268925805
61679.19717154698
62733.22279247767
59874.14124316502
61235.40214053743
61725.02397682785
61212.40364818184
60178.32548379138
60884.37241851733
60994.072678176184
60549.291858666285
61625.25855942315
61329.08026255592
63061.31113364998
62650.41693725732
63061.38133303142
63061.3667421325
62716.24126404411
62092.01825811017
60994.07226283734
60121.43934172621
63154.16926040311
62057.12219397028
60140.39590307345
61329.124132638135
61655.2156871338
63096.26344665418
60549.29144527868
61238.372095116196
59898.09780791967
62386.177649883
61683.197735702386
61726.07904757476
60603.09349184022
62716.24167488072
60631.01905322738
60859.32524171745
60498.41328354714
63091.32421127091
61679.19551218054
60850.39511109515
61329.08150369652
63404.438407493246
61323.11425464548
60502.40724608127
61621.367112699496
61952.43936576638
60236.01267155993
63143.0743696439
61698.075517515936
63418.43842268154
61975.36071578779
61354.06108905977
60968.14844510809
60196.141716191196
62434.02860611121
63471.22531232619
61645.23726206306
60554.21899723282
60553.17571299514
62355.3653830687
62775.07611894124
62707.35429221634
62092.01784404954
62735.2173166744
60529.36354627601
62065.01931745757
62775.1232905907
61359.02161507148
62056.06923545323
60499.4050906808
63131.14437327362
62065.08849126599
60548.25026449686
62391.181652064835
63418.341761424854
61597.28557225776
59881.124861745164
62035.208977253395
60591.12999665419
59871.07196556914
61651.23370924479
62827.019721916055
63452.26348043807
61287.26635546744
59871.07861069564
62388.17691752385
63424.35288350782
62027.141304598284
62352.25858907986
60204.11911075255
61297.25387729809
60910.31234660326
60908.24866440923
60227.17297747342
60936.1538634156
61979.39682365144
61726.0774833155
62031.239450363224
60911.263334709976
60886.375477532
63186.067847037724
60493.42182691407
61587.337645069165
60493.442822311976
63070.37595651587
61303.1010828072
63182.02020117085
61323.10079186898
60631.01572967123
63036.38091467195
63118.24998088605
62656.40174806011
60631.02585711673
62353.34968617731
62309.40851289341
61384.0446833409
