62034.214773946725
62830.04006091968
61262.25472218129
60548.24058120797
62804.094838904195
63147.11234474964
62436.06875085
62380.236883943915
60137.41010542901
61680.119335638876
62034.12686384295
62080.1123080122
59870.14628096192
60236.07399998611
62793.996441399366
61262.318202386465
62030.17520460739
63447.31953403288
63471.262248118976
61323.08939687984
62772.128105016396
60973.08517552247
62830.03670080669
63451.27534710907
63209.036785126686
62302.4224619612
61624.2886519786
61724.02864692246
62384.15262065462
60877.358446772225
60196.30493582854
60501.35526843328
60521.33280788749
61269.34071393088
62080.0088177989
60959.10481262414
63157.022961739305
63066.33217021986
61668.13003551607
60208.1133550797
60887.27085693833
62717.277942161505
60614.11344539051
61018.04694877503
62066.11840900092
62080.02398978803
60493.38925802046
59882.05687996505
60931.22826813921
60208.17031651766
61975.2912618238
63068.35020382991
62356.31292748298
61321.12017104422
60937.17777785835
62352.31717641736
61273.225744876836
62121.04638731555
61297.15764874854
59898.06358937072
62388.15536591222
60143.35414522538
61218.44075568308
59896.02331349167
62378.15176166255
62762.15758098054
62739.25126217772
62096.01943778997
62306.43604708947
63417.40742391256
60204.14142584308
61706.074436999064
61756.04387985812
63419.38958972454
60287.02757979176
61317.10732539527
61572.4185787571
62788.00034037417
61236.36814446418
60943.10373623403
61232.413662308834
61682.07275819495
61317.094545640786
62681.40607293987
60499.35890441623
60933.114872421495
62764.132517041355
63423.36369825617
60824.43721019765
62804.07850575604
60198.14640859358
60996.09231717816
61572.4420989882
61269.335078854376
63181.043601109835
62681.35579828367
60586.16483926479
60497.39750422462
62434.07468984148
61947.41016526358
62115.06411977148
60647.03208751852
62030.18856101091
61321.12099803529
60959.10564609379
62034.21179098817
60582.11558044605
60961.11697749801
61975.33431288015
60971.05888958724
62058.19968595535
61622.3402168957
60532.279449178466
60975.04131546627
62332.34214197697
62709.327816253564
61734.02243077792
60610.141809120236
62386.15944099218
60849.440718209626
63181.02070044095
62657.434255066866
60554.231112242
61588.38324412589
63183.04014463859
63417.40783491662
62798.04689986115
60996.09107536396
61654.24658540857
62764.13293021775
62096.040038814164
62092.05271373516
60222.14582032674
61373.02241767806
63505.05980080701
62479.03647116789
61267.29978059789
63151.06033350869
62412.06108009483
60578.15973209385
63419.39372530594
63503.11821240741
61238.424598176134
61626.30990906139
62471.02946642731
61680.18928863006
59874.26452736308
60505.362089406306
62350.2666904548
62390.2059461207
60580.18799114347
61297.15806092818
59874.18943121312
63429.36399067136
60608.09145102055
63123.12531117843
63171.00357354428
61588.44304339548
63425.364684863685
63127.13041281346
60493.38967076413
61373.04908120008
63036.43434053991
62326.338011862776
63421.4393594972
62011.18253899838
63451.27244523301
61321.19254915288
62772.11524630355
60262.01536378179
60905.330756994146
62378.151347097715
63475.2504514375
62064.074418196804
60493.37762411507
