62741.20776855367
62741.222237606824
60966.0483427716
61212.428966493804
63455.23466665525
60878.27986459553
62360.24067830006
61212.41311326959
60547.18945865158
60966.06299658528
61239.32558654039
62114.036505905045
61559.40260183807
61234.28169619644
62326.33443150988
63417.31510405959
63443.26232577379
60141.298973624376
63443.30115964624
61234.29619269165
60940.160035531844
60547.17486049523
61261.25310673779
60940.174512819
62064.09048525655
60141.323509105205
61559.439123537566
61261.21205451106
62360.22618151663
60278.033876097696
63417.300609455226
61239.31104762426
59876.09714777423
63206.032088438624
60878.29437958916
60491.412024528014
61701.006494898276
61559.40011897152
60491.41240647245
63455.24916448551
61725.012854130364
60141.308966786564
62326.34902443248
61570.434923183886
63443.24779814004
60141.284467592945
61261.26756679184
59876.08263503268
62064.07554417812
61261.19757977757
61591.33355344593
62325.426611170595
62682.357473577766
63180.02473381623
61330.0615747147
61330.04704467165
60829.43498347343
62391.22396038421
61233.4428343118
63189.01874160629
62682.37254376417
63420.3917342615
63016.42497171869
62332.32584670676
59894.057655160505
61947.438173853094
63423.37467807261
63418.40849933208
62770.193458931775
60906.24207645526
59894.04315141773
63420.377110786154
62332.34066968176
60123.4290171912
60548.24552324301
60548.23089864094
62391.209388341624
60589.149898620715
63185.029863248565
60906.22740709968
62278.43003014472
61591.31905390311
62354.31612965645
61317.126057250505
61317.14048548026
60589.13537120321
60890.32684518073
62770.2079056318
60890.341496009816
62354.30161465663
63423.389333842475
61650.22310659379
60500.38920626414
61650.237589640434
60500.37452593771
61212.42855246307
62775.09963603544
62435.01273285813
63428.336068435805
61328.02171552988
61655.305072319505
62712.31204511687
62775.1141327082
62277.43633086261
63419.43965580537
61328.03621690913
60586.11394406953
60831.432904618145
61728.031013399304
61977.28544573314
63428.351155069075
62712.32731467865
60906.245385191076
61947.44066980437
60906.23071471265
60202.18445986168
60248.087983298
60612.12894460014
60202.19919081144
60248.07302100205
62650.402138701094
60500.38837368226
61655.28989166534
61655.275139564306
61655.31974065787
61233.44242166706
63482.22961204871
60586.09939966675
62389.15313498864
62650.413961879414
60500.37369207994
63156.05580614681
60204.176987498155
61731.0203839807
62389.16765756623
60466.43765189861
60612.1142722896
61977.29992890637
62650.43842472889
63047.40438846282
63156.070407219595
61705.01141246887
63482.21504703273
63423.39141674081
60165.36260356933
63094.27393352396
60992.02075282775
61622.26818354362
61622.24474439933
59869.1826125675
61926.42464183028
60502.37511004687
62302.41620658343
61622.229755308166
61622.28278599811
63423.376761080195
61926.436768919346
62679.40007080322
60935.19378448561
61269.239950229356
62707.28383813846
62355.28773375364
63061.366363245674
62000.286369854264
63506.11103182267
60825.398693363626
60849.40967013806
61258.25145036263
62823.021269227356
60935.20850121163
62355.302355603424
62303.42511165851
60502.38988071409
63094.28843386751
63036.38680430215
62032.215758910985
63506.096498517625
61967.390882018466
61967.40512286535
61258.265897767305
60278.03346169715
62010.2582173788
63061.38097070163
62707.29832137532
60849.39204931514
63061.327203293484
62032.230307670245
60576.20968405145
61269.225493120095
59869.168083027806
61188.4276488107
63061.31271334892
63036.372349398895
60165.34744275989
60576.22414420733
62000.271608746014
62679.41721476448
62010.272976498636
59881.043330296954
59881.028760892295
62064.09089931727
62302.36511223281
62064.07595855122
62302.379616634986
