60548.21509928133
63062.3807574552
62356.27403935012
59879.06772577122
62734.24942800863
62307.43264113641
60554.25236957637
62352.31772230422
62450.027753734
60202.308095243214
61218.4454391219
60932.204286781365
60208.15434971075
63212.030049223955
63146.109536121985
63420.426850717195
61243.383679514576
63419.38932726258
62331.4126116768
62653.43507314956
63417.43017447376
61321.11826897373
60249.153624455
60547.22460720106
62010.22068716414
60935.28854153005
63118.25805860108
60906.271956997196
61725.031420632826
62361.32968716402
60499.39500935495
62302.42865507798
63452.32352535838
62352.33584357988
63118.243727428555
60534.30248668588
63040.439645206316
61975.32398692652
63153.09081202341
63070.356972386195
63144.09589931201
59874.13922375068
61321.08246575236
59870.17526535956
63423.37035881273
60554.31712571666
61734.0278381667
60506.44160654093
62302.398075382705
60143.36051292512
60249.13413927436
63431.3652610789
61977.333596563
60972.02658675593
61559.4406251971
59874.22422110571
63418.359185897876
62822.07305873309
61263.27511822483
60251.07696710142
60588.123991806795
63485.20542249698
61956.4423134447
61623.30477227372
61287.17312393452
60875.324506086006
62330.375422198435
61947.43274294047
61587.41654043545
60937.18858806772
59879.06855174955
63426.352939354576
60119.442493097886
60498.39411306883
60998.069856498274
63418.42136350663
61262.30723223179
62772.15390417976
62771.16345574778
61598.36944685319
62772.16638306861
61682.10743346645
61313.11990428044
60576.20854429759
61700.04003586558
60604.072294824815
60506.44285680825
60616.06393375462
62712.30842556673
62379.217818312994
60221.17715565199
62657.43056130742
63186.031101006454
60493.40330897504
60859.44263293344
60886.33615266754
62097.03781078051
61258.30034767571
61313.13150136391
61591.38344597872
62655.415190808635
60295.03456969961
61707.15524725523
61017.03025345119
61677.12758040845
60580.13822290711
62791.994882126586
62037.15752546326
62010.288733925365
63155.04868680105
61976.33572534922
62474.05002772329
61571.431646181256
60964.12475121679
61624.33318631731
61323.15392446433
59908.06208837884
63153.12600712948
60203.192829288564
62677.44315068729
61622.38494704001
60614.11597636635
61231.40041174176
62419.150665625435
62391.21096957101
62352.31813673345
60993.022079525246
62057.15773930881
63124.1635136363
60961.06702793913
63429.37969008703
60932.21421403964
61313.11949140729
61262.30681828598
61651.25481422833
60589.13627161434
61974.35691367226
63455.27543664832
60967.08358937266
60203.28987101663
60604.011827216375
63456.27421834903
62421.17652539868
60179.25002238501
60859.442218897
62743.23122583633
62115.03064013198
60193.21454120448
62354.31311759688
61679.16399571585
63149.08747772375
60604.076997435026
60604.07270772862
61977.33318216556
62821.013862432555
62766.18752412466
62352.3370810595
60908.26841476216
60121.441222152105
63404.44214534838
63061.35680175957
60248.016023804266
61570.43231946107
61286.236994122395
62712.28933283986
62822.07264463828
63429.38010424274
62419.176170139166
60908.28436107815
62389.21427000397
63449.300590139756
60143.36009902934
62302.4026757271
61232.4097263704
61728.02978665498
59896.08253690422
60267.05745667269
62804.062181130976
61726.0257759894
62683.40799743688
