59870.153276165925
63118.18400723861
59870.112619274
62351.309846715194
61982.28485644737
63424.319331644656
62031.102556994854
60202.22748286811
62679.40497906042
62302.432532445026
61981.31403700596
61258.28228958036
60647.096086341764
60584.13573801229
61588.352500761895
60974.02502267751
60124.435540893464
61265.287280538294
62799.03691337192
62474.02990824361
60200.17985721455
61623.2795915337
60880.30967687389
62329.3634962747
62351.301928434186
63418.326616473096
62764.120344774696
62738.27276225353
63037.401322391685
60967.179579749325
60932.11573820939
61322.1163411536
63447.2953173327
60548.245670702934
62067.10800660998
60236.025887862925
62032.14756755844
62804.05918717749
62411.124906846475
60556.29712724075
60530.363325785096
62716.3212397935
62651.43179083761
60907.26607298736
62389.21273602588
61727.02839788239
60611.00606479817
61926.42627154145
63431.33585761852
60638.02811545206
60199.211749521535
60589.17924433541
60608.001344695185
63472.20207432396
62033.15332052901
62034.15967514278
61975.332469146575
63404.42814629468
63124.185364555284
61260.29818751914
61260.241248631944
60501.33917428312
61266.29761940677
60137.34904657388
63062.33745631555
59912.08184502786
62740.28631652512
61286.24496711354
63126.14264325218
62384.2394808037
62331.38400187756
61374.02512770161
63447.29573207144
61263.26552111056
61654.14638281044
61358.01459947791
62085.06511740364
63179.01184130991
63157.06321125538
60964.14542546763
61981.28393805034
60492.42964083562
62795.99672367887
60201.188899480476
60859.39347275026
63476.17141379415
62681.40564495557
63127.18256406158
62065.027439421836
62804.072049549024
62679.40622210065
62361.216794887245
61658.13447400061
62380.21690453875
60221.16859708359
60616.10330444482
61238.41506067562
63404.43521877707
60935.19478401906
63449.28641323629
60965.07133195595
60831.437712558254
60934.1920915413
60492.37154183511
61695.001401614616
63071.314639107564
62386.217637851085
62437.0084889837
61708.00732610333
62380.21981604465
60589.179657929184
62716.32165408031
61975.32432865567
62709.32173027759
62067.06287267034
62310.38899918148
63147.11708393168
59871.16640835025
60530.36373812613
60911.18781102594
63420.37157280978
61231.39137019871
60466.43619633023
63154.00327950727
63124.1857779984
61680.127894788966
63430.31602378862
60965.06134415492
63071.27829541926
61621.21229827565
62434.01170475027
60889.29309883836
59873.21075261622
61298.184853089304
61947.4326602049
63404.42773243231
63404.433966449586
60492.412035999754
60580.164388837424
63182.07485206829
60967.165004565155
63455.27063214558
63443.29396407145
62681.40605815275
60501.34000544846
61651.29557650554
63450.26093820719
62765.1370605048
62738.265274240664
62355.29412797942
59875.16665763493
60193.241575752116
61297.11676649275
63417.42105999406
60881.307634064055
63092.296801534154
60248.04811216244
62739.20172803024
61650.21576975028
60584.13490941286
61233.341647414716
63455.284768028214
60831.43812520805
61625.29540078156
62738.179272689995
62353.32125345794
59881.06803171586
63503.12144021009
61324.065343479146
59870.11179095852
62655.43694089206
61560.42978375815
60548.27053288055
60634.02580939028
60204.18635129925
60277.02346494594
63421.41578511312
62064.00273326907
60878.312331483
63482.222723870014
62768.169959983585
62764.118281380746
62057.044979636106
59870.15286346717
61952.33504890933
60138.371314837495
60995.021119595716
61232.413168361825
60996.08240547062
61318.13536883369
62065.013511169964
63118.185672037005
61698.086874035085
60278.032825243165
62056.00684934646
61322.11716959108
62795.07413344301
61258.28270360455
61600.42223270394
62326.43029904232
63182.07691306064
63430.315195879586
63065.361736551466
62303.43345100372
