60912.24400986484
63037.442388015465
60291.037672877894
62651.431387716664
60229.0016952091
60612.01785862616
63117.14313152808
62395.208187143275
60906.25836525712
62799.06692189711
62352.29334777658
63450.307161931945
60876.34798899955
62353.31438369892
60861.32460795994
62417.12282021277
62032.21583745594
59867.19855476675
62107.045023919105
62794.09531065972
63454.210119566196
60576.20286026748
62417.18737326635
61623.24382807668
61598.367082213525
60247.01021276342
62030.1294983123
63482.143684622264
63183.03765227003
63144.10241506101
63482.225389548636
62743.163724806414
61728.062096175185
63472.245271047046
63088.24461036185
61982.30174685822
62762.16934135734
62308.42685659999
61598.26539930931
63418.34194401045
62330.36992233596
62738.18401364027
63454.2544668953
60521.24045318311
61232.41662910294
60492.36684543877
60606.00769378541
62006.15554307693
60938.21058922962
62767.185114212465
62363.2564423559
61300.14953639626
62798.12965456191
60225.10387902997
59905.060855670796
60240.012146674904
62083.01040030567
63065.34706850134
61559.42373821703
61588.38158308709
61263.25735686726
61725.038826127085
62351.24006930009
60283.029380572116
59897.0183064086
63036.418113435524
60829.438142218656
60604.003956199034
61974.33235886827
62679.403708242186
63124.18241569162
61233.32898204636
59870.102009257185
61698.013165376426
60236.0092474223
61587.435540927734
63036.41978297194
62717.31742689293
63147.11336032098
60579.18328693017
62029.133373667784
63204.030850014205
61678.09846642671
61677.11984489254
60553.233336135316
62743.191733851716
60179.22036606135
62065.051416697555
60589.097168674
60648.056987775
61021.03571957788
60501.390523164475
61625.260198675365
61262.31174612964
63424.31493898272
61258.241993522155
62657.42509471809
62766.17924739017
60944.133513605026
60137.342513624484
60881.30160684901
62420.1099816202
61678.212417521005
60579.12119608744
61710.01682279673
62762.15531051606
62302.4232244868
62738.18483973971
63068.333310655325
63068.31623478602
60861.32212288298
63404.41633882591
61977.314331758884
61286.22960377563
61598.366668420436
61587.435128532634
61739.06813804451
62412.12468527771
62329.36349386043
60576.203274943895
61678.21200263191
63404.42344788075
62389.250709952976
63417.399089317965
63122.166934671666
60944.13392735245
62683.39411015203
61947.37874813532
61560.44134335614
63061.31474936039
62355.320269392585
60199.25338212845
63152.08869911656
61372.02471059792
61570.426287081646
60903.23542229876
62418.07157369939
59871.0708574566
62000.21014037454
61258.244067021405
61258.29910433242
63474.15741672299
62776.09360147418
63503.12451265661
62029.1337852199
62058.19747614489
60602.00071648538
62717.31577271369
60878.35403421269
62058.096269486414
62032.27970890832
60971.02675080128
62655.43722581672
62395.23563407533
60876.34757467314
62833.02508373345
60850.42858392395
61358.014168933056
62035.1890477899
60859.32507785346
61316.13857584625
61711.020689938225
63068.334970087526
63455.25247887934
61701.0295189019
62650.41554303431
61017.02981163251
63452.30702171284
59909.04526262693
61374.02515877851
61316.07427704341
59912.07119985428
61979.29143495654
60496.400933844925
62331.41629154443
63426.37030307223
63504.08940171349
63068.3178869432
61233.37505072363
60199.251068031444
63147.112949022034
63099.24573758081
59874.201936976766
60974.008705624205
63158.07251149446
60886.3094413202
63421.39227060413
63482.22621849679
61242.33914173956
61232.417043846486
62360.27947823412
62353.31688338058
63171.033043980715
62352.29417567899
62677.3388868167
62107.04461083028
60910.24584567818
61980.23398510268
61711.00252470981
60606.09429282191
62766.180908573566
61212.436235239045
62798.12924052339
62677.35174845528
63100.2622855895
62771.11536691128
59905.06126952481
63430.323455701466
60610.00754514468
61707.00625872439
