61324.18096241831
63418.387413571654
62771.13667336376
62389.28291296076
62064.02431638197
61710.10534980875
60648.02975808191
62064.11971341558
62738.27389932915
61236.36955771022
63475.293276792225
62770.24093230171
62029.218786863996
61316.19257282625
63099.264643518494
61358.01786210224
63207.03150632406
59895.0882142969
60496.40698350191
62031.223580618236
59871.14482338303
59876.15198355953
63096.29044941281
60232.174396872026
63066.345427479704
60616.09964641969
60996.02055767178
60559.209986910086
60200.220664964545
61621.296780677694
60937.18617015217
60610.14009780883
60493.408569474246
63070.30274735381
61710.12998200428
62032.18104521104
62332.386674740555
60966.114300064146
62833.066493664024
62680.37476260481
62821.02455285021
62796.065588045756
62326.41467661752
60879.411567633295
62029.143909659106
61236.389982611094
61588.43855645059
63154.15864966083
60264.02565468699
63450.33350142485
61974.36099135259
61234.41363776988
61654.204093503446
60554.2351260606
63420.360463637255
63420.42070197208
63152.05196738143
62419.16069819329
60550.23390627499
63037.443181150906
62708.43965650493
61263.392978527976
60876.41334493065
62331.41915497357
62800.01042197196
60202.21159165971
60207.2142429766
60638.02181301298
60529.337359225254
60195.15305682591
63486.18970898648
62325.40674307362
60267.024700469745
62112.0396275864
63450.323213967415
62434.01251211874
63121.22666852456
59867.20456865611
60199.2103600851
63153.09545236251
63418.3853518318
61645.2523883411
62033.18442466454
62451.01386383583
61004.02528489997
60938.20852499561
63486.171813429035
62742.20751206821
63454.30906776239
61677.13615651863
60199.22348762844
61316.19390444176
60532.35077395185
62329.41263655575
61645.25487316401
61324.165826975695
60933.163914568926
61324.096418710214
62097.0790705486
60199.22390110453
61004.02486974712
62709.318128599094
60207.215069176505
62738.29094115806
62775.18017507056
63185.0693123411
61376.03141735676
62712.32252141973
60905.33372571656
62032.18889780502
60582.180410392626
63062.40446160214
61321.185235559344
61650.24745357723
62655.4372768286
59878.13155752509
60556.252228395395
61648.284667774664
62821.024138825334
60912.27014754653
61322.14275880861
63186.08286202225
59870.11720924579
61624.279429953414
62471.03747090418
61591.409034976365
61680.12421190661
62066.13870074927
63070.303158101844
63449.32186345174
62679.44321298281
63096.30826787705
60528.32748181236
60612.11294063217
60499.383522251665
61681.16829172712
63155.09915899126
62035.215687785974
60877.43166159396
62766.16485151773
62363.291781075706
62796.08522184861
62736.28972682139
62031.241993795615
60196.20663843564
59876.15281772231
60199.21160154432
61266.32196857202
63418.41409020974
62066.149940640695
63450.33391576853
60264.027318768094
60934.17629832378
60200.21228727902
63427.34261702947
62385.236368997445
61386.03867458372
62332.38708927266
61268.29878074535
63125.25281296952
60559.19561513342
61355.02075291433
61977.385431271374
62421.18807507272
61706.104068875604
61268.305847513875
61375.02580472907
63131.153031563226
60880.32010444295
61324.171406044545
59869.05472799632
62681.41131252415
61588.43896906047
61324.15355834099
62738.29218770007
62388.26804800369
61710.019588306466
59866.142276109305
61236.390394937436
62767.13776290772
60554.23554022748
60528.33080482854
62354.31903929953
60589.16750737381
60208.15216852055
62771.13708761105
63475.30723579577
60908.24735302589
62775.18100433354
61324.09435341454
