60936.27557003251
60498.39974953199
62651.43987161726
61312.053805721254
60224.09460873279
59870.08045513791
60208.166720021974
63425.370431744865
62385.210281992666
62763.12074255425
62363.317564695026
60492.40348237428
62707.299152493055
60876.37992817375
61975.39625057892
62739.274850197064
62651.42428406406
60903.26379515506
60973.1145747426
62066.08706740682
60911.29981780312
61300.147998075736
60138.37833349079
62690.41708026257
63152.096132904706
63067.356568785406
59868.08145588983
63418.397066877464
62329.40064546552
63472.27377241433
60911.31153738263
60251.084622331146
62030.112973543844
60520.36958224619
63131.16063404248
62835.02816184335
60591.18449877694
62059.12983892915
60615.03513584656
59896.05152505201
60830.44105604852
60850.408988632356
63143.06271534338
60556.21157497709
60830.42595835323
62738.27536206008
61000.091987535714
59867.20232473056
62030.26774475378
63071.342360325965
62711.28511279098
63154.074531662285
62655.43756265952
63117.205853598876
59878.08683789547
60263.062048560074
60931.144186790276
62800.04400840068
61649.25490391974
62361.32381200895
62762.154275202454
62302.41601581891
61976.3562567294
62418.07507038503
60558.29450084067
61682.18558060256
63404.42768708688
62800.05661329582
60576.203660510626
61259.2748536962
61587.38675434305
62027.13860414991
62678.37445724497
60501.423080044224
60878.320597428174
62080.11109073396
60878.333779694854
62736.23994877735
61684.130169510674
61374.04834908776
62353.31837920927
60960.102320123704
61622.241842381954
60584.141677490305
62417.15003806722
60592.13534591578
63061.39484953764
60548.213833626985
61001.04631922577
62065.100843411084
62736.22957731496
60550.21540188985
60229.09353221092
62712.327825907574
63420.4192123222
62056.06470799164
60223.15155680805
61679.15696310435
61000.036384177576
61318.04311486886
63131.14720816745
63204.06015071861
62416.15301468192
60907.3327161656
61286.235497595684
63506.12120436715
63143.062305124105
61679.15737505741
63154.05952730873
60976.05925148086
59912.102774529725
62027.139016474284
60934.22053684724
61321.125232305894
62010.24259879968
60583.12527515199
61680.18341523608
60559.22686216802
61303.140684740756
63455.30151648835
63204.03377682793
60165.30845845478
62121.03321588272
62690.417493907094
62379.24231515548
62800.044420005426
61587.38800200716
63102.24745310782
63061.3780146015
60262.06282883719
63124.2512390542
62010.23412465563
61329.094451397315
60934.21228043988
61266.27254888106
62361.327121416645
62379.22733893186
61005.035178029786
61231.44281393597
61322.13662728795
59871.04815130943
60248.00959502173
60498.43533192789
59878.08725287618
62303.42471061775
62677.37470498643
60615.03554848688
60200.15974515302
62656.43449730891
61672.12042985653
61710.0696345451
62476.029489219865
60830.42637171707
62363.317978735446
60606.09145291991
61560.43248363586
59912.10360088397
62329.40436643774
61234.41573799541
63131.16104926812
61287.25429543759
63482.125559725864
63503.11982326621
63472.28352722794
61976.42129700755
62835.048258998875
63420.40965971183
61977.302157572696
61560.441702077165
63067.35739819829
62683.385224366124
63036.44141342243
60208.16173080732
63204.0333633051
62766.16121160111
63154.074119063705
63449.29063668411
60886.3278251204
60199.2036159035
61617.330452643066
63204.059739505035
60124.40539860735
60976.013323501276
61731.027476733354
62332.354664786406
62387.184655423844
60592.125109596855
61238.36344696611
62363.28927971067
60633.02685616531
62791.03864081888
63427.42283398222
63159.084374731756
59867.20273765406
60503.3292362033
