63506.15323821823
61262.3602776005
60934.276724124335
62733.2079853285
60212.18134048898
61303.13851137867
60248.1022326861
62775.116964910856
62421.19183011431
62037.137281752766
60560.23726391401
63187.035642093186
60465.412278656906
59870.14480554803
62032.20711374575
61003.049541697634
61598.36099243227
62032.26899922044
60208.16463848
62681.399627222694
61649.253434359634
62056.12398474644
63156.01306121886
60228.09643206055
62066.08199471447
61626.27503776213
60141.40691280296
61588.4450803809
63418.41320581964
60945.12830025051
63214.037559077886
60975.06956222548
61268.24406011462
62791.040224575816
63156.01353019448
63061.41289831395
61955.43865684262
63118.16377619389
60528.28688043233
61317.113942285505
60940.189439084614
63171.01623887577
60121.429367537974
60201.17445770101
62361.24632151453
62352.32169953351
63485.18993126008
60121.44271819075
62795.08473601144
60248.09050729977
62306.44348077808
61974.33351259045
60502.36452813668
61678.18246693065
62434.01098571283
60212.16376846036
63070.35179586786
62739.213356710476
61683.12819499988
62795.06285248043
61269.29975175023
60962.104863973946
61706.00022621177
62828.08976157663
59912.0633426864
61330.12066517463
62065.07621189356
61706.00276917613
62743.201134954565
60850.37169530591
62387.19224993941
62451.05004062109
61624.292733826995
62010.26050092233
61313.07443169349
62417.1209573019
60588.15782939177
63459.29877347377
63446.32809214773
62037.122172410636
61626.26278629518
60967.08036236831
60497.41945799963
63455.24846187385
60111.414040289324
62801.004835578635
60615.007439453904
59896.081059337885
61235.378249950416
60198.14330865187
61979.28668068777
63500.136109589315
62356.28015279278
60932.24086836258
62677.401344119215
61559.4348752372
61235.38836605766
61952.41944764013
62763.14972649385
60906.24163024327
61232.41277568076
59897.040041884844
59905.0695558105
61232.36828253888
62006.18597527978
62330.34183324587
63068.35329514428
60886.2524959434
60263.04400346766
60961.07954481478
62678.37561690081
61287.14398364145
61706.00652644213
62653.43787881715
62032.162670297876
60143.35935218316
59909.0228810254
60502.36493976914
61681.15569814166
62351.33472464495
60496.37713940326
62743.21649597996
62356.3191193478
61297.17697438357
62082.085488673554
63476.18616836268
61683.12860931815
63186.02021110749
60549.2795527854
62683.41452489818
62739.21377022065
62677.40299823727
62434.021964129395
60498.39655522972
60938.17572986354
63062.3649161361
61757.032485557414
61232.37076645133
60638.02444477325
63150.063937809464
60550.192963864014
62653.42303822176
63100.25994862399
62056.12439920493
60876.36005860956
61726.024875898955
59874.18697912801
60831.429009393665
62707.2542626911
60879.40742874191
62006.1863859053
59897.04752042986
61655.230720529566
61265.29658961355
60548.23810666334
60584.096099238974
62421.19307940972
63451.31482015913
63404.440543501245
63404.42885955227
60203.231163275195
62354.30701178883
62030.23268198589
62363.3203314095
62116.033746147084
60199.256952572534
61571.44151242591
60912.20160734078
63159.09064570101
60223.135852790125
61672.187660230025
60880.34645962876
63182.01485316725
60466.43672903764
62734.24035423194
61298.1389809267
61262.36069054295
60466.44048361449
60248.10139621641
63506.15365155437
60604.08219860547
62708.3490106852
62302.39873039395
60908.29367030627
60492.39877952243
62326.40547508198
63420.33949745979
61680.18368990051
62708.28552155528
62097.0360140824
61376.02865453625
62384.24136690675
60906.24245687687
60961.07366807334
59868.08090578085
60208.166713089566
59894.0453713142
61649.26382509525
60612.10987438189
63066.412399448935
62082.08590419797
61726.02570260038
60911.213353385
59870.14605298763
60886.25208482781
