63183.06653906521
61298.21114454123
63417.40055359683
60877.35331828408
61352.04505526928
62775.122484192696
63447.32328939054
62056.07609775976
62716.222580679874
60885.328257087065
61231.340771510455
59904.06484593976
61322.070567720344
63427.380086016485
62421.08145746419
61359.05071900676
62683.371192651335
60548.185008690496
61245.35550596068
62656.39846609087
60494.340198839964
63061.35650659137
60880.34149673429
63477.1687543713
62800.030764748866
61651.22825469467
60592.13243491479
63131.162027350125
61668.12185391758
62421.137842249176
61234.41485812136
60550.20596555659
61322.12745599537
61701.04802640059
61261.281837841256
59895.033703029076
61617.31063720397
61286.23082089854
60491.391111381316
60908.28863770003
62027.14094847417
61947.36160650201
63144.112374488024
60613.050233680406
61967.37737649023
62792.046778671
61316.06617962659
63036.34676266709
63068.34700582528
61622.27603031151
63189.03979499498
61947.40301253184
60549.280046496126
63451.241824373385
62094.05512077293
60520.29654414971
62792.04302331337
62094.07236689876
63154.04469281866
60555.16474338219
61232.36272462003
60225.09871128741
60605.08768637931
61685.112552187624
61947.29942157813
62708.35006842352
62029.220171312685
60141.387274502806
60166.30787802228
63426.32595186392
62353.322427690284
60199.16335785947
62356.27768153591
62804.082068968564
61626.2416851551
60141.37601329926
60958.100117463
60849.36669181363
60493.39095156261
60862.38007794969
61678.159643649655
63158.09848565614
62010.23632226346
62032.14687185638
61571.375233605584
60972.029507673564
62331.3685931854
63452.30425103983
62006.184524548305
60958.10319081933
63036.391153133096
60579.15713064078
63159.081697664646
59903.04961179817
61680.17937528827
61559.3940435697
61981.31169219717
60502.37083701397
61231.397435855455
59870.14048938668
63418.34606943077
62080.107935554755
61231.34118228052
61231.356863433924
61297.13024843406
60879.33841291429
62083.08125113542
62363.30108518276
61624.28785783187
60262.06704347863
60877.355806785585
61316.065768743596
62309.34594354645
59867.05377467049
61710.11406451482
60932.174769863304
59867.17656363079
60203.19275454605
62657.39590482304
60532.29957146611
63037.37038813834
60611.14403487847
59881.04660460863
62363.2169812719
61700.0478989775
62390.220885157825
62094.07112426042
63452.317077352796
62655.4004145253
63040.37018289877
63472.22839408311
63071.33846856829
61981.3112796511
62801.07087308286
62010.23673594527
62306.352433532236
62082.03574146792
60831.38434902264
60225.104953604015
61617.309380947925
60502.37543722944
62761.142995779854
63455.2796576775
60251.0822518277
62362.30549466072
62747.191285357214
61263.27754445289
62034.15002378483
63418.39913572257
61570.37771025969
62391.237124261126
63500.15532916074
62352.29090399375
63424.34400277808
61298.21408286421
62800.030351097754
63451.24636377759
60937.18238030334
61359.066284455206
61234.36770798428
62712.290722880636
61359.06314186063
60967.13876088493
63123.116452585746
63419.35023515115
63420.38758174011
60199.299574618926
61624.29916148605
60912.19133918036
62681.365573292496
61668.11938582032
62792.04967683141
60497.373936353935
60492.4128917247
63417.403032367605
63189.04020923383
62302.39075967773
61588.3215561111
62034.20717261223
62467.06212546219
62033.10313331413
62678.365907818
62417.10682104812
61685.10259075892
62006.18411392634
60559.20886348232
59874.1310983625
62681.38633688487
62736.23939354833
63427.38091504989
63424.35688932695
61273.233568779964
62326.32920122214
60265.060928679
60251.02502288298
63154.12606111042
62421.08063250044
62385.22730572194
63067.35247593207
61976.35604427271
62655.400825690296
63088.26944226107
60120.36482167352
63040.370596268935
61729.04528989588
62421.14033493625
60548.18665265899
62733.202572419475
60880.34274857099
61651.22784194041
