63100.21255984977
61176.4056823239
61234.29491775343
63117.14784667998
61243.306321138305
62717.282518703825
63036.409058948586
63427.41187616276
63427.36226571018
59869.10234234935
60147.341148821804
61976.26405317967
63063.32307952141
60249.01456236539
63036.424978220326
61981.265321953375
63480.16738887227
63149.12400221307
62801.073393793275
62653.4381984431
62736.33553405477
63473.1734494268
61321.06831943786
62653.43186537109
61235.32188431073
62712.27271583661
60497.39361092441
61918.361997261985
61212.34870230139
63205.0369090736
63062.37766959232
61947.32305043272
63417.39943965165
62418.0668551858
61952.329134422704
63100.280426781756
60497.37853901886
61369.02888488486
60521.32500287377
62798.20431239115
61313.07314916479
63145.08815700771
63071.358029989664
61235.30399122434
61313.05899646077
62677.36259833998
61926.40914674771
63061.346995544096
62434.025695777054
62761.16309503683
62650.42711425118
61926.39821702978
62677.37753486695
60936.18657728558
60227.07666300156
60529.324844097
60530.27475845609
62650.41774262511
61698.10920245536
62766.24905331712
61267.226940115615
62792.12403280766
62788.0812522605
61926.3944433302
60584.14518369311
62687.44003693478
59909.02586923868
60140.3631918335
62766.06826833176
61328.13272948765
62650.40891234884
63423.42454132844
63487.205558216905
60166.34853826062
61262.229587217094
61268.21276073159
60589.10609262965
62739.26275134113
61260.244550616284
61313.12601415583
61975.334479780395
60198.210994588924
59871.06232988653
62086.054914241366
60278.03731638569
63427.363094184555
61380.040291496676
62802.08951672395
60586.11934202526
59869.18084814219
61679.07214842818
62056.09171278466
60492.37238075222
63454.226621172566
62677.320252655736
63153.070677718
60972.04723577344
61297.127170743166
63480.1669777991
63446.32719694306
63153.07910819758
60249.07377502474
60234.094215267854
60972.0480612247
61181.405480401874
62000.19725057049
62033.18060774414
62766.248641468395
60249.0733621745
60972.05049935438
62682.39139134032
63451.28005595562
60908.24610151413
63471.17018483811
63446.32887722723
61682.09585405383
62735.294261352516
61258.2533996636
61242.40746815153
62677.321491641545
61238.28094570367
60584.07630118004
62677.36301050441
61242.40662521542
63100.26032725952
59894.01074812828
60586.12141489766
61225.260778231925
63061.40132806728
60614.096087351165
63162.00218887127
63420.38851880369
63418.349483202925
60605.09301612313
63171.006523956086
61260.24496291917
60465.42166626328
60121.440440230435
63404.431773043165
62788.08166478548
62829.097798259325
60958.07074459142
62739.264821406374
61266.23730348946
63185.06147645758
60556.237333429344
61952.33161094872
63418.342144787326
63132.232329382554
63487.20597212291
62792.048828299805
60576.213689189346
62034.09812077929
60225.106802741175
61369.033524784245
63504.13637340182
61176.40526871472
63472.294204955644
60589.089015172234
60199.18225956831
62435.03499059643
61927.4326705495
62034.1554851188
63131.143813802904
62708.38973656253
61181.42926896608
60193.23399656831
63433.40502578143
62080.11045954128
61231.346761928144
61355.01540987176
59912.07181207388
62029.09615145543
62683.42055551594
60931.11403899551
60646.027997891215
62009.15346317391
62065.01469898365
62717.240903113394
62027.1368382166
61321.06790547373
61333.00918195075
61975.28876713293
60550.216918729006
63068.36938647761
61258.267360558144
63071.35844408986
60550.2020442431
60607.060339273055
61317.11294597082
61267.23149654085
61317.080934152415
60560.20946089306
61952.34486382325
62656.3994026439
63157.09050217463
62418.066442043884
61974.255777794286
61239.30042884303
59895.05636478574
61977.28547049927
63036.41155989433
62050.064356619296
61234.292830137245
60291.03230615184
63036.4316721498
