60608.10848626546
62683.393540984405
62762.18769655464
62677.44515011136
62707.35532751043
62708.38333002872
60500.41402170516
60580.161694707196
63100.28512010133
63417.445445055346
60228.120696781334
59869.08286542364
62030.21070086295
63171.00523803964
63425.36066689439
63448.347157246244
63418.41824257994
61289.18010768019
63506.155306033295
60492.41093303715
60198.31823505073
60530.30974290037
62010.18741528252
60580.14417183866
63171.01687433725
60965.08719218056
62677.43349032779
61323.15009278511
62085.03835767055
60996.061448619635
60548.226456348806
62801.00741540718
61975.32676189326
62434.058820954175
61259.272769090814
61976.34621709168
63472.27240164318
61321.06294305602
61257.27586190383
63118.217830013964
61967.30393817836
61297.21674608646
63427.409517410575
59898.045135694345
63127.1355510504
60959.10553069791
61918.43507033602
62853.03764233697
62067.04914511484
61967.44381983917
62009.20248151105
62677.43806820824
60647.03367523358
63020.438666260976
61956.43628304734
62121.0424335174
62799.14869236849
62801.008652475386
63122.26003709992
61947.36503184638
60934.241994757045
60550.23316644129
61261.27998792904
63500.15075726075
62416.0793880702
61975.26399815646
61322.07848395128
62846.03425006281
62792.00764071065
59881.04631959436
62029.132471501674
61196.44143358018
61259.25368623572
60122.445133959554
59881.05818475631
60582.17990224787
62822.02849432118
60165.30492612547
61323.15092028976
63146.10863597121
60125.37557474076
60249.00393314688
60521.29974233093
63100.27144635775
63100.27092522617
62051.123741979995
61261.26465272086
62803.078598480686
62034.21694681988
62709.34247733139
60644.0237677666
61979.275243335054
60931.13332254626
60550.23233974214
62741.323980743466
60623.01643607941
60623.007682234995
61974.28971039438
62037.1476546034
61918.3781000236
62707.35445374868
60249.096851921524
63091.3554220878
63040.42939826676
63426.380113499414
62776.124365800475
61321.076745471684
60931.132910898334
62716.32042371686
62741.32356609549
60607.06075142354
62794.08614193184
63040.442829085136
62655.43124231794
61245.33345372073
62067.16518915418
61329.08698406451
62655.43927580378
62680.36170715385
62831.05307313124
62037.15016262583
60199.18905088337
63185.08681392709
62030.20987378728
61324.08235031813
63472.272817065175
61925.36704940038
63404.44342301197
60262.07547812566
60466.436852709536
63404.415775970825
62010.185764231894
63036.438041365844
61705.0782591648
61258.269162767945
61672.106513673265
62709.34206265548
60605.0912906279
61231.35903995251
61231.34413064446
62058.11500525922
59874.17402426461
63036.42882675092
62032.18097394197
61231.29805885708
60118.41127205867
61233.297702824595
60165.30451354257
63153.12904271223
63096.36272289193
60225.04921837083
62739.25976009334
61287.25892511444
60609.07001031248
63063.395696890286
62717.312903842714
63474.233758007205
60201.22853957575
61698.01406103806
62734.21674232194
61975.30858767227
60502.4151936264
61178.43273791547
60497.39250596928
63122.24455903715
60249.08580402516
59871.07752664649
59871.14545209378
61297.15319392273
63430.333708492406
60234.122328123085
61918.42792609705
62743.28741752259
63118.226101864035
60548.22686945355
60580.162107946875
61317.10727108666
60492.40789066229
62747.296165262684
63455.29939376796
63068.36617221194
62683.39106287313
63423.41482102514
61683.12675838265
62115.03945830117
60592.13205343597
60959.10594398053
61372.02173098851
59898.044722294675
60592.07745835157
61235.34735316558
63487.204706777076
63185.08640119
62677.44556338534
62677.437654592715
62677.43431762764
61947.364208027546
62848.03951038205
