63123.21615724101
61212.34735352571
61212.34697158127
60903.231742956195
61701.078242358955
59869.08610701388
61324.04999153956
62034.18565432381
59869.08648895832
60606.088868764964
62823.0571035527
60975.04387048514
63472.21828683309
61233.34359049449
61588.40183484336
61588.40145289892
62027.13595217548
60606.07514502747
63472.20415364023
61947.43024488679
61271.21557990448
61621.26393355865
61370.019128712374
61977.3420843212
60606.006348851704
63451.246047695844
62801.00538324443
62056.09280942327
60466.44009116755
60639.020426040865
62330.381073793746
61977.34246626564
59865.1704273947
62385.23715638776
62082.00896123048
62801.07242091279
62379.21629850923
59865.170045450264
61918.43398011371
60576.20265634125
60937.18540583884
61680.10638737768
62788.072127170926
61233.389618290006
61918.41018445068
60859.390229613935
63183.01119049388
60935.221188743344
60859.390611558374
61572.443010638526
62712.2996370551
63162.0153794134
62420.0774758317
62766.119699948635
60886.341407809174
60195.12014804066
63040.4406394246
61559.4383557798
61559.42064030234
63124.166178804226
61559.4160255414
62355.34112623925
61976.37463612692
60576.20548598121
61976.37425418248
60903.2470711233
60497.36707995566
62112.026468536365
62112.033182326246
61649.257734184124
62678.38407041267
62736.209082359775
60119.40770678213
60932.249049177626
60119.40732483769
62766.144753814835
63474.228000418116
61319.07319422206
60492.41705479739
62056.107278418356
63156.08949411278
63099.20465976384
60111.42351555551
59881.11208968677
62765.188822044336
61617.26094156238
62034.13160320495
63431.36956127245
61374.024344236466
60549.2114394213
60497.32413479376
63404.42990575507
63504.11921127052
62421.070981150304
63404.41524077116
63094.29880752129
61617.26055961794
62309.35747260631
62309.35785455075
61298.216690753674
60492.41667285295
60228.135251033564
60903.232574662674
61654.18208525847
63417.33649088524
60497.3245167382
60265.042582412774
61239.35903589692
62792.08539824185
61588.39121630103
63375.423967155206
60111.41377782547
61588.39083435659
60934.15086745454
60591.115466188734
63417.33687282968
63426.31903083902
62712.29881035409
61622.251617975075
62821.03158606483
60140.407333149706
62681.35394839932
60140.407715094145
60878.310094050736
62421.07056909488
60179.2375856286
61644.18722048903
60119.40720077632
63420.39370013129
61622.25481146273
63065.34578370655
62085.09414534655
61260.22008534738
61371.02562793921
60497.38179389992
60497.38141195548
60824.427212110524
61680.0907118678
62681.35436131219
61238.34859241846
62656.43338275163
60560.2442522663
62281.437433112456
61263.28261189931
60535.27687512556
63143.09114424782
62439.01806477817
62766.13190284636
60973.074164923855
61268.26322452192
63420.39408207573
62736.23182947055
60140.405895396674
60554.163264014765
63454.299858582184
60603.01340136476
60937.19291348416
60967.079690707076
62650.43899124734
63071.302711701646
60576.205073247416
62682.394420619305
63062.345767948675
63036.35209109329
63036.351709148854
62309.35835907003
62309.35797712559
59865.17054982802
59865.17093177246
60497.36749322356
62835.040634536366
60497.367875168
63183.03446692029
60119.40681883188
61330.01742880704
60466.44217956861
60464.42933378608
63426.32119806448
62056.107691478566
61235.32930241711
61235.32892047267
60876.37156542672
62657.43725037943
62363.28049042495
63476.18088490364
59870.20279981116
61728.017009882904
63425.29030436874
60937.13620779772
62354.26616854841
63447.25356409867
60201.20008350141
61320.07521003605
63099.253397818444
60967.01996106615
60580.130724098985
63443.28145636839
62112.0327686755
62351.28193380563
62677.36160330581
61701.07741756846
60993.0665508587
62677.361221361374
60886.34181945703
61680.150453108974
61725.03444233486
61698.11064298328
62030.21681826213
60202.29820781869
60501.33988847788
59865.16992264105
59865.16954069661
61324.128882248144
61572.44426009091
62330.380662063224
61711.08306290594
62739.16141753886
60875.34931973906
62450.086476764656
62384.131140888705
62419.075156489
60203.24684175612
63472.21952947483
63070.35851652931
60885.32737505731
60221.116907549025
62351.26460562022
61974.34402225926
61974.34364031482
62082.010626113784
63127.129377873054
62739.208841530955
60165.247963960755
62032.21801669665
61259.23274773425
60993.05979112293
61287.17442043467
61645.258235238914
60849.42222294325
61297.10542486002
62056.100443080126
