62303.43887009513
63449.31775788518
62000.217700714704
63157.08235726244
62761.11162670362
60199.25022124622
61624.26877004811
63062.358973931325
63036.419612608566
60228.11655979516
63153.124355118154
60912.26688391756
62717.2428546413
60249.03614089265
60908.216195462075
63118.16293849794
61374.02933846684
63036.3965248954
61273.2257497655
62679.31216227127
61234.414065444864
60492.4028041567
60889.30426913691
63067.36451534397
59870.1479998176
60606.0771792692
61674.089054827935
60501.37242223295
60501.3877825886
61271.214114066854
60147.338836388284
62833.031087496915
61710.07700685378
62418.06846416792
62030.2062840861
61624.261670395346
63117.11286698652
61709.01941348144
60249.07099308261
62744.17295660569
61355.0435027283
63404.43705477494
60850.42073639989
62351.309946681315
62741.271715013834
59869.197172819404
60263.05834608969
62362.22853973521
62385.14043155821
60931.14440446166
62794.06394605728
60935.28570163233
62027.1359699724
61259.25693333587
63451.236972201965
61685.09181680614
61320.08681160503
60582.13554314373
60885.246599516686
62385.300264012585
61701.06934407842
63189.021229611724
62389.230496135846
61651.244947318584
62683.40212291656
60207.1522764523
60878.35061074742
63426.34521834921
62833.03067427307
63100.26083710559
61560.434905884824
63420.37371088302
59909.02111528955
60280.049957816234
61980.35288488236
61588.41316033614
62307.43730312083
60606.07758631481
60889.284883837616
63431.36857474838
60126.43886717002
62363.27384403019
63092.24529658501
60616.080038064494
63500.13630362524
61681.15950689191
62768.11569177376
61956.4313447659
62439.0381146013
61947.37865592883
59867.20181769402
63456.273613947065
62389.19699577601
60971.08276865569
62389.24506869492
62417.1328633741
60889.285295285816
61329.111758045234
63118.14925367571
60559.2112745157
59902.02732954846
63171.04157728977
61947.42918668156
62059.119297632824
60616.07962560912
60548.21683622835
60549.17504697522
60549.28213055578
60248.00372850765
61621.32212408781
61681.15992077774
61701.08055445218
62792.126213277916
60885.29174537721
61925.42905360795
60631.04343781054
62657.439711789106
63431.37441171682
62302.405738200956
60910.243370544194
63016.43846172403
59878.04486677904
60201.21925501807
60578.11638217602
61685.10072786629
61231.42568233384
62082.07676291693
63418.412584170444
63066.32768726922
60903.24518891392
61655.160607075355
62733.19909547625
61975.28076413329
60225.11402067294
62772.11527939048
60500.368693896824
62386.17483832202
62325.38203565216
60971.06689502509
60957.06043617362
62092.02460721311
62362.228952522426
63424.375299394385
63421.41576321614
61271.213290742104
59870.14841392057
60606.067981671375
63418.406263033496
62653.42025074003
60829.43687720529
62681.3592782529
62037.12261328194
62059.09825767929
60606.01322989209
61587.383438043515
62350.29203478583
60875.35933316201
62379.202997028195
61262.35787661453
60912.268539760626
63485.211015684305
61238.365992702245
61001.022953228414
61651.22906462485
62678.4452859173
63145.13205677679
63206.04105496497
60121.440108879855
60203.24147741486
61679.153801588815
63061.41265765218
61261.22694335475
61234.41571586974
62651.43266058105
62351.3095321784
62114.03682494955
61323.136509506134
60494.4435690091
60560.22010697898
59871.12392940369
61319.132379842915
62331.41726951123
62389.19616823705
62331.41765145567
62717.24037482115
61245.32616388904
61263.26803170251
61329.09803596241
60280.04872028192
63449.31900976454
60200.16623505288
60179.22163517274
61267.296669558855
62787.003985838026
63147.10642918449
59879.113261596576
61231.40287180217
63067.36368036255
60877.33652790928
62801.02528611851
60560.19910440355
63455.30117880063
60850.42114946811
61300.16568388652
62418.07548651745
60849.41564062933
63157.150767979714
63118.149664084376
