62306.42800288495
62306.42256148552
60875.333109517465
61323.12693117835
60589.11024824369
60224.10306064047
60960.00818063571
62387.17532591599
60556.2266720087
63144.099100756226
62385.26867661431
60960.00779869127
60912.259735429616
63071.27996272747
63061.3682399683
60903.28293156137
61369.033938635985
62034.188961376465
62417.15410165151
61617.32174901924
60497.400644360874
60249.03340435968
63472.22466223851
63485.13786848978
61926.44002303624
62033.182488698425
62682.38982991154
62788.078603123446
63124.11338343738
61995.30883535149
60492.40717597628
60143.351196034615
62417.07857833731
63117.12365224031
62735.22553838169
61322.064892548944
62804.07496435189
60556.20829437678
60592.119655124035
62788.071934626074
63446.32628984027
60249.010417471196
60119.434642519765
60974.0252537046
59905.06917535511
61926.4324464261
62116.03078484134
62363.30871868658
61375.022860447694
59879.10883461465
60208.17750349328
62384.1439396615
63066.35652084
62010.14906026086
63471.17258449165
60207.152481323676
60936.133028168166
59870.148993032395
60228.1241077907
61587.33354453639
59870.07886813291
60911.20257227298
63417.40040372561
60936.17861458433
61300.14616813907
62743.26194873089
61649.28003583162
62767.187822049
63472.198905003694
60138.35655866374
61947.433444656126
62678.41533614391
59881.043588657885
61002.02816150168
59897.06206045801
62762.1991740005
60267.014520525416
62065.09671070544
60201.23862629918
62032.15574599432
60849.373780468864
62010.222049985176
62733.21525276668
62436.01742513333
62057.135955127305
62311.43908961414
60633.023013976985
61233.34692955043
61682.17034180807
63036.397710838486
62058.10602817583
62351.341200647956
60582.122316078
60861.327876296426
61259.29204075773
63426.404770485104
61682.24462022945
61587.346430808546
61273.220080676576
63071.27955027198
61323.128190424184
62708.27291946642
60877.4050331694
62677.33735786836
61259.304757766746
60126.429265748564
62421.080850526225
61384.03880435117
61355.054975971376
60932.14149142333
61649.2132472635
63061.31251954862
60936.13343856726
63417.399991175436
63118.24671827549
63425.40275751422
60932.141903312484
63425.37007246306
61967.34381069907
60611.07661666767
63448.241124775814
63455.2545127345
61682.24420685842
61728.04116084571
62451.03947680124
62708.27374587097
62356.32444252526
62067.08277136054
60862.44268780289
62796.05456206315
61685.14613497416
60143.35078182375
61320.08094661063
62707.34396298693
61322.065302592295
62302.39060055486
60200.14455833533
63066.35984136641
62655.41795582051
60592.12006907446
63092.257674665154
62677.33859720153
60548.26477139488
61300.1474084058
63504.2105367197
61259.29121511689
62034.204783131005
62037.127538039436
62677.41489094207
61268.24405372824
60505.36359939014
60611.09837003694
61231.38946282834
59897.06247290357
62069.026004868356
60965.097696354635
61273.22793873535
62817.023893101556
62421.08126216498
62067.07463601101
62065.09629939606
63036.41602231577
60208.185807569134
62330.35095732166
62360.30032153518
61678.18447176766
62330.34050840607
63142.06512830461
63404.44090275628
59871.13010166161
60498.39666721237
63118.247545985425
62306.43050911095
62788.071522699
60962.02207942639
61706.05932785805
62326.44045051178
60910.2654625648
63448.32431591536
62833.04008761395
63157.078400451384
62712.31473883097
63423.36138632741
62712.25672940448
63404.430461609234
63144.102779506895
60559.20116705789
62311.441179413596
61236.40604577847
60521.37611128784
60492.41776873012
60520.35571102757
63096.218838497116
62739.202315074624
60492.418606385974
60971.06759437985
60875.33393641813
62795.05154885926
62355.36221339175
63187.056452956465
62386.15498342575
61300.166126033524
62409.093912334494
63062.32007346196
60829.43837740381
60550.21583956918
62085.094028347856
60974.024009799585
63154.07841864723
63182.02206250106
61212.35705360158
