60859.38915512878
63423.38312410444
63425.37042590707
61765.04021117044
61765.03859181769
61765.03697169817
60494.34756250349
60878.27179351011
61980.42930286436
63455.270624501194
61181.41158844327
62736.236850658264
60934.222316851534
60944.10809857399
60164.243209791355
61980.43093021147
62434.01825584087
59871.09859332648
63036.396464576734
61947.42272131721
61947.42439605703
60825.41777774267
59869.10157190514
61322.13360440777
61218.43609503252
60610.017304630834
61239.3153190033
61668.113486452865
63426.34409529373
59871.038088088324
61980.43255658628
60591.105080398775
61520.42324990915
62772.12287693882
61232.41188314262
63420.3260271199
62363.29037510324
62059.01327927956
63118.15117879959
61598.368365426504
62417.152960750194
62059.01165860981
61520.42006011431
59897.061545650955
61678.117377628056
61004.01862327523
62709.31214489209
61980.43554359545
62147.057359548846
61232.413990723755
61004.021626935115
63471.21620896469
61980.4371565196
63068.30376271568
62147.05889685973
61967.36135231178
62147.06043403111
62059.01003815045
61980.43876900266
61520.42165492279
62799.006967472684
62356.300738163234
61599.339362250175
63154.00375174641
63425.37208527682
63154.00537575256
62083.05706449854
63154.0070000904
60875.29981024988
62065.057267320844
63426.360898856445
63096.200209528964
61212.318838545914
62772.136277190395
62309.35350496067
60228.141675714396
59877.038641619736
62390.2111890355
63449.268584866026
63154.01159683504
61259.29181120904
61268.23979809182
60910.26773384157
62307.360901914355
62799.008599507375
62059.176582944616
63154.00835284823
60849.41797834929
60849.421756225755
60931.14443617957
61679.15745339235
62424.077368505445
60560.23615146633
61707.07088764959
62356.286897251826
61626.20906803337
60643.04520619498
60994.032681690536
60972.08961394589
63447.300031475046
62792.09354460492
62799.005336478454
62411.16282949684
59895.043349734435
63066.34379711243
61375.02292946717
61005.07162925934
63061.37027704787
62338.390963924496
62677.371298682694
63154.009974560504
61622.25960374729
62776.10632882024
61668.11389612554
60494.347148864894
63146.058845386426
63154.00827824293
62421.1340117968
60228.14379936888
63071.32642562123
63154.009899912155
61976.35109768403
60222.08803369449
63154.01152214337
60849.42134319762
60207.155712622196
60822.4134113666
60884.425852541215
60822.42012116131
60592.15222889759
60884.438731724644
60884.43708916119
60822.43167258126
61622.26738804517
62027.136745267475
60493.38276285089
62736.24358481682
63190.043106985635
63418.44304921485
60228.12178299412
60880.35921454993
63066.35357738501
60884.43544545653
59906.02559268939
63149.13112335921
60884.429140413726
61706.0133338535
62356.30115302818
60576.18934613611
59906.02744840581
61622.26001568978
60530.22240991685
62717.270014197566
60499.374385446026
63150.072917089936
63418.44136053717
59875.113981068636
63418.4396698351
60592.08855534141
62040.107103632654
60292.05212142165
61323.01917287076
62681.32662150658
61682.08068778945
60884.42749683404
61268.24021127413
59906.023736555915
60912.26728943283
60292.0537465396
63447.29961741719
62360.2902523509
62717.253383034986
61261.25122594337
62776.10509153
60292.055370163696
59918.04743521467
61322.13484473192
63480.16458715223
59918.04898981398
59918.05054333236
62488.05288012
59918.03329915042
59871.099007180026
62488.035651563805
62030.1912876446
61317.12663440334
60591.109693902814
61976.35316319533
62488.04955156309
63152.007318695076
63062.38134055929
61003.07061403719
63065.364502810226
59918.035003361736
60958.0651045864
62488.03728058489
60932.191866556605
62776.15097203529
62080.11101377124
62050.055418336786
62488.0512164104
61359.02876242422
60908.29697172255
62059.176995632224
60972.09002806373
62421.13442552956
62747.15248352607
61384.03587423242
61263.255956027984
60207.15529840613
61684.100954755064
62488.03402233601
63152.008918072446
61317.990356568676
61317.99199048708
61317.99362497945
61384.03758557225
60643.03398430507
62742.158468284004
60878.26601932149
61384.03929428619
63474.215093607236
60958.086721784464
63102.20035900856
60958.121785091134
63152.01051797015
61679.15786712854
59918.03670508512
61244.35662551819
60859.39039785032
62764.14834381344
62352.28697094539
60612.08956952996
62772.119973509994
63471.20181014057
60547.20816800652
62419.11334221582
62707.28394873423
61678.11696262142
60222.08844744386
60591.104144495584
