63122.17917789309
61319.166425504496
62677.39932512876
62417.12718291224
62792.031502124555
61947.42557981219
63036.41186238501
60248.017319938226
60548.29705553817
61947.405796369116
62803.071371979626
60466.431529605325
59906.05933337525
62379.21383678554
60934.23583344987
60121.44460669925
62083.02413990489
61621.302986574614
60559.24073572914
60492.41040511062
62678.38070644457
62353.332473116825
61918.4371174413
60262.06375193391
60616.058307081425
63420.35583564819
62326.391582324955
60520.29791028922
61287.24608089913
62436.00950003543
62417.13643842436
60494.39077637802
61559.434472585875
62787.007420845446
62656.413479641866
62651.43943128013
62787.0028134666
61649.21083198995
61684.180387381115
61698.06833476671
62387.20458875617
60588.18797765709
61598.38264114906
62000.20922837859
62763.13251063507
62064.13550977199
60588.19347138964
62056.12433254468
61212.42183086505
63063.35913228607
63427.36358391029
63421.39162081864
60634.01990366041
61242.33907761831
61269.30064412162
60137.36274369496
60199.25144225222
61233.37242841042
62741.2101902839
60859.39396122036
62736.18625957638
62082.01518531797
62092.06009990383
59867.14432056362
63121.206253771365
61976.34488124916
60934.159250681696
63506.1270839862
61267.27967326513
63183.08570110595
59881.0597492629
62330.33919156227
62801.070095957526
62083.039137171785
61357.033096871106
62030.242628909
63145.06650446732
61698.086810817564
62362.20936800273
59874.18599166391
60554.22102839717
60534.28583666195
60202.30948524356
60549.277216628616
62384.23697673028
61572.413624177214
61682.13628555066
62056.06828822655
60291.03233101604
63424.38099429166
60968.09850879539
62009.20065254814
62418.130183781854
63124.20355963721
60604.09862102641
61328.06643244056
59870.065956723265
63124.21987098897
61621.304243475446
63183.08611519952
63506.13346357189
62027.13954632723
63447.30035198232
60199.2510267781
62418.13059672132
61560.43321884415
62310.40259311149
62362.20977951831
61655.2680238318
60908.2298361197
60881.3564887658
60501.37031231044
60905.22945403279
62650.43928318275
59871.08075333675
59870.066784386094
63124.20314743237
60885.313917139734
60492.39976031596
63071.32584318641
61572.414037357616
62009.20272244907
62391.19746450444
60492.42429387234
61651.19060723708
63071.3383283107
60199.24107221139
59874.199315509846
62360.29500571793
61561.41477325076
61298.2197394994
60578.17158792269
61316.156360242
63118.24665140692
63124.218214489156
60878.32843703085
61316.06759357213
62353.31896516853
60586.157330918664
61711.07213762452
63425.36468554952
60972.13091763047
61328.066020185535
60592.06354429992
61956.44285147692
61233.372842196026
61672.18855018451
62716.256453614966
63204.02677030157
60936.20370849025
61261.29176201787
60202.19645862598
61231.341329728675
59867.145979618246
62711.28539474963
62000.19356938628
61323.109028398634
61588.43005568968
62064.135922013724
59897.03298979718
61268.23446896157
60251.08177385342
60466.4336041935
62309.43943619253
62379.21424924835
62387.20500128672
60588.19388482107
63040.44247544645
60903.27781889866
62766.17282367732
62059.16381009874
60975.131384088025
62434.013137858456
62682.40817188919
60830.43022173978
60520.29626073848
63417.401857286146
61622.2050868829
62417.12552859565
63451.28787591701
63475.23644223224
60614.019409490094
60263.050917626504
62734.27347895225
62326.39075322783
63061.34220934012
63102.24906249952
60247.01157713857
62094.05466476748
60498.39628193891
59906.058572456226
63404.436283366274
60616.05906765159
61598.385957852865
62000.20840651789
60938.17040931187
60501.37155559278
63485.2042421734
61319.166011407
63404.4291722182
61234.36318911762
62363.258510499494
60201.19172112294
60959.17600914747
61649.26394255113
60141.37928461643
61974.33799651056
60584.17650623354
60642.06404626102
62677.399740114786
62353.31855052423
62027.13830714195
62717.28061901416
62817.076182578894
