61330.12013736431
60125.41135099793
62384.336889014754
62707.30395877116
63062.3383762698
62677.38424791474
62707.371321013896
62712.281995197794
63183.06123112014
62356.35081477978
60612.07155253445
63102.257689303726
59882.121925204585
60591.093700822734
60193.24751446513
60560.200953866115
60964.1283252865
59881.06216525398
60208.144936753684
62080.11679682906
63500.142264780785
60905.281524956205
63456.285835269446
62080.160744383524
60906.23096336687
62032.21551467216
61623.23650236
62416.109459279905
60586.12114276923
60968.12131827358
62034.14257078084
62363.287779485094
59869.101882504576
62743.26306425995
60501.39442117932
62390.214811365615
61624.272272414724
60138.39338378592
60193.24332395752
60262.04952536738
63040.444252095804
62830.04969860084
63155.061083426466
60549.27210089985
62387.165965456064
60560.186097371356
60937.203169515335
61298.16490310497
60279.035342223084
62419.13355895867
63154.10628743917
63427.348438157394
61296.14325336702
63447.32407326153
61679.10425693638
62655.435035240014
61729.04616786859
61000.01907608815
62734.22722569587
59875.072929181464
63143.092431212775
62000.19011214371
62739.24779166957
61260.26480752186
60604.11404209492
61588.391906207784
60908.27394059334
62066.070031612064
62010.307404299376
60492.430145019745
62030.21262931976
63100.26758678202
60932.15984053911
60876.339859557316
63454.29169603824
62353.32343965232
63420.404977864615
62738.273105644425
62037.140311061565
62822.019727975065
60199.26555053463
62419.08848325646
61649.2155609044
62761.1170026203
60879.422958387484
61017.04139354048
61374.02751189815
63156.11565535782
61319.132339615826
62651.435198943946
61683.128867117324
63118.210268441326
63425.36172656709
60193.247938928755
61678.14278242235
62436.02911229501
62795.0945677102
60632.030579207436
60222.11888790149
63156.11517084337
63100.229854678924
63154.11567085595
62767.15966916805
60530.28032860976
62029.29393376266
61974.33096883031
60591.10725680213
63454.30346324101
61321.06824129715
61000.02302580443
62419.08881249627
62742.15674468281
62734.22897114282
60492.43069780492
62419.138403013196
61711.028384286714
63154.10599118085
63473.13339753015
63417.37830340415
60201.16761052058
61621.30478805944
63449.30900345271
60208.14672940754
61231.39979322965
62775.158291076295
61267.310980557544
63418.366936798135
60249.07183457603
60908.230056471984
62419.13279750419
61976.339255387575
61321.10088443107
60906.221606469386
63404.42097793605
62804.075862956975
60550.22481892345
63143.09211158699
62800.087632168914
61701.13587425763
63100.27415728748
63418.42377110568
60938.18418585419
61678.14236868334
60905.28182383591
62774.164555254065
60612.07302505874
59870.15955384815
63040.44489549578
61600.41804450071
59874.12027115427
60831.430174285386
62096.05242051128
61287.24133812614
61649.27258568863
62775.216593219964
63126.15837148246
61234.4236491314
62716.31772939343
61329.08900008096
60849.4172523744
62065.09388568476
63037.414978554065
62771.123161712116
61560.415394654
60606.08161715089
62066.07032908015
63096.21262765249
60202.161166927996
62080.15952283333
62080.115793230754
60208.15961184211
61701.12200402245
60222.12250502205
60493.38338432503
60976.02226655966
59871.074721194374
60498.423373305144
60862.43574754664
61588.39249339017
63190.08160100272
62326.399297848984
62833.08536696815
60906.23155912709
61624.271973825955
60125.41318572903
62739.22209972733
63456.29417993543
62385.22158885482
61231.431019703305
61976.33707154363
60496.42217084013
59869.10022168138
62804.07616143288
61236.4045291233
