60850.38314319464
60492.367126667465
62363.2893690898
60850.36714439642
63427.38263398255
60228.062612084774
59874.19105316637
61239.373900603336
59881.03305531961
59906.04527833508
63147.10204694228
60550.25357364885
59869.18714793209
62741.160048610844
61239.388489460296
62092.02498335562
60556.23832704697
62451.01182509839
63036.43197443976
62363.219546372784
61617.32915168651
59870.01867478807
63500.138155237044
63061.392585642985
62412.07068469983
63131.133465176266
60589.15518845177
60529.32114531263
63067.36898415183
60137.36369346512
63092.261538403385
61711.05292193769
59877.10843021111
61320.133199353004
60494.394769540806
60831.43621020211
61591.32329849478
63036.44460548328
61323.07657325102
63420.35808441715
62033.18949084745
62776.1036322365
61231.346902427234
63209.0288283125
60464.43851432792
61974.28559245406
63503.12864929139
63061.33147574649
60945.1161232778
60503.376487987145
60229.07921124522
61316.06256477811
62712.30052422103
60251.05801872394
63452.25720892337
61650.245247371495
63065.36527098581
60589.17674398318
63124.11454740438
62354.286956354095
63158.064372851695
61273.21902549059
60875.328979556216
63146.09208831368
61232.416663954515
63418.40562173582
60548.26761079928
61329.06724183193
60996.036708494095
62010.21597795309
61258.29752487499
62796.00892964745
59873.25208589301
62683.40289261918
62434.009300951664
60465.44092253343
61651.207682750384
60889.26827361842
60906.29201882069
60608.10014710954
62325.389399027736
61655.23135336257
62390.14532312502
63158.07770842076
63067.368155930744
60592.09893650573
63449.315849473285
62707.314125205485
60968.08439582675
60938.147572404196
63147.113812279356
62802.03031899359
62739.217169042306
62302.405218396445
62331.41739678276
60165.2755131167
61980.29216400675
62035.11784218295
63455.3207083736
60965.08823399302
62120.034006470865
62332.3748706226
61286.23185588839
60633.03151295934
63447.28800774321
61708.09055381336
61369.02933458439
60493.42272242947
60582.145131500925
61559.431102803996
62683.36277749664
60850.38272866463
61560.405562577165
61599.3536494871
60582.126179171464
61977.28584289396
61323.07698547219
62350.325183669665
63427.38346011353
60908.220499623116
60850.36797516992
61680.158915942324
60497.40268501089
62791.03681833424
61694.994591245406
60165.275100219274
62331.41365915503
61261.267013101504
60200.213632579005
60141.34776119306
63158.06604814335
60582.126592275374
61352.10934550281
60592.097697568955
60880.34822119525
61655.23093953052
60640.02152954984
60877.338693327656
61622.26749899713
61925.42447040099
62092.02580903925
63471.191600466926
60908.2217375283
62120.032767281045
62421.00752584132
60204.181747958384
60530.29009238327
61352.059228547216
62412.07109752947
62747.164727245865
59870.134197345236
62412.06075121774
61711.05759640277
60221.09066859033
62680.3549323504
60968.08812078548
62434.06766721532
60228.064257337006
63062.408702432665
60903.234089105616
63447.24612008464
60137.41513431052
60492.36837069385
60967.07161526074
63503.123438503906
63147.11422583932
60631.02946027576
63486.175882371484
59879.077364973266
62384.243048927034
62677.401075500136
63147.10163156254
60548.269275433944
61235.36302166474
60202.16799335516
61728.03856704928
61649.28276798015
62030.14236269994
62351.32818332714
62385.2632839184
60530.28926526293
61297.11798541698
63099.194213356655
62677.34208446282
63423.36182915997
59870.13378167736
60936.247182827836
62736.23118316669
63013.428574959136
62352.32673737697
62656.42945750024
61231.417387878435
62010.2986873788
60945.11570981748
60589.15310101336
62307.43688303094
62379.21199371527
